# t0_us	theta_over_pi_weighted_mean
0	7.69370224
0.00810810811	7.65771392
0.0162162162	7.62126506
0.0243243243	7.58436126
0.0324324324	7.54700824
0.0405405405	7.50921175
0.0486486486	7.47097768
0.0567567568	7.43231195
0.0648648649	7.39322059
0.072972973	7.3537097
0.0810810811	7.31378544
0.0891891892	7.27345408
0.0972972973	7.23272193
0.105405405	7.19159541
0.113513514	7.150081
0.121621622	7.10818524
0.12972973	7.06591475
0.137837838	7.02327623
0.145945946	6.98027645
0.154054054	6.93692224
0.162162162	6.8932205
0.17027027	6.8491782
0.178378378	6.80480237
0.186486486	6.76010012
0.194594595	6.7150786
0.202702703	6.66974504
0.210810811	6.62410672
0.218918919	6.57817099
0.227027027	6.53194524
0.235135135	6.48543694
0.243243243	6.43865359
0.251351351	6.39160277
0.259459459	6.34429208
0.267567568	6.29672921
0.275675676	6.24892185
0.283783784	6.20087778
0.291891892	6.1526048
0.3	6.10411077
0.308108108	6.05540358
0.316216216	6.00649116
0.324324324	5.95738148
0.332432432	5.90808256
0.340540541	5.85860244
0.348648649	5.80894919
0.356756757	5.75913091
0.364864865	5.70915575
0.372972973	5.65903186
0.381081081	5.60876743
0.389189189	5.55837066
0.397297297	5.5078498
0.405405405	5.45721308
0.413513514	5.40646878
0.421621622	5.35562516
0.42972973	5.30469051
0.437837838	5.25367315
0.445945946	5.20258137
0.454054054	5.1514235
0.462162162	5.10020783
0.47027027	5.0489427
0.478378378	4.99763642
0.486486486	4.94629729
0.494594595	4.89493363
0.502702703	4.84355374
0.510810811	4.79216588
0.518918919	4.74077835
0.527027027	4.6893994
0.535135135	4.63803726
0.543243243	4.58670015
0.551351351	4.53539628
0.559459459	4.48413381
0.567567568	4.43292088
0.575675676	4.38176561
0.583783784	4.33067607
0.591891892	4.27966032
0.6	4.22872635
0.608108108	4.17788214
0.616216216	4.12713562
0.624324324	4.07649466
0.632432432	4.02596709
0.640540541	3.97556071
0.648648649	3.92528323
0.656756757	3.87514235
0.664864865	3.82514568
0.672972973	3.77530078
0.681081081	3.72561515
0.689189189	3.67609623
0.697297297	3.62675138
0.705405405	3.57758792
0.713513514	3.52861306
0.721621622	3.47983397
0.72972973	3.43125773
0.737837838	3.38289133
0.745945946	3.33474171
0.754054054	3.28681571
0.762162162	3.23912008
0.77027027	3.1916615
0.778378378	3.14444655
0.786486486	3.09748171
0.794594595	3.0507734
0.802702703	3.0043279
0.810810811	2.95815144
0.818918919	2.91225012
0.827027027	2.86662995
0.835135135	2.82129684
0.843243243	2.77625658
0.851351351	2.73151488
0.859459459	2.68707733
0.867567568	2.64294939
0.875675676	2.59913645
0.883783784	2.55564375
0.891891892	2.51247644
0.9	2.46963955
0.908108108	2.42713797
0.916216216	2.3849765
0.924324324	2.34315981
0.932432432	2.30169245
0.940540541	2.26057884
0.948648649	2.21982328
0.956756757	2.17942994
0.964864865	2.13940289
0.972972973	2.09974604
0.981081081	2.06046318
0.989189189	2.02155798
0.997297297	1.98303398
1.00540541	1.94489457
1.01351351	1.90714304
1.02162162	1.86978252
1.02972973	1.83281601
1.03783784	1.7962464
1.04594595	1.76007642
1.05405405	1.72430868
1.06216216	1.68894564
1.07027027	1.65398964
1.07837838	1.61944288
1.08648649	1.58530742
1.09459459	1.55158519
1.1027027	1.51827797
1.11081081	1.48538743
1.11891892	1.45291508
1.12702703	1.4208623
1.13513514	1.38923034
1.14324324	1.35802031
1.15135135	1.32723318
1.15945946	1.2968698
1.16756757	1.26693086
1.17567568	1.23741695
1.18378378	1.2083285
1.19189189	1.17966581
1.2	1.15142905
1.20810811	1.12361827
1.21621622	1.09623337
1.22432432	1.06927414
1.23243243	1.04274022
1.24054054	1.01663114
1.24864865	0.990946292
1.25675676	0.965684941
1.26486486	0.940846233
1.27297297	0.916429188
1.28108108	0.892432702
1.28918919	0.868855551
1.2972973	0.845696391
1.30540541	0.822953759
1.31351351	0.800626075
1.32162162	0.778711643
1.32972973	0.757208654
1.33783784	0.736115185
1.34594595	0.715429204
1.35405405	0.695148567
1.36216216	0.675271027
1.37027027	0.655794227
1.37837838	0.636715709
1.38648649	0.618032912
1.39459459	0.599743176
1.4027027	0.581843742
1.41081081	0.564331756
1.41891892	0.547204268
1.42702703	0.530458239
1.43513514	0.514090539
1.44324324	0.498097949
1.45135135	0.482477167
1.45945946	0.467224805
1.46756757	0.452337398
1.47567568	0.437811398
1.48378378	0.423643182
1.49189189	0.409829055
1.5	0.396365247
1.50810811	0.383247921
1.51621622	0.370473171
1.52432432	0.358037028
1.53243243	0.34593546
1.54054054	0.334164376
1.54864865	0.322719626
1.55675676	0.311597007
1.56486486	0.300792262
1.57297297	0.290301085
1.58108108	0.280119124
1.58918919	0.270241979
1.5972973	0.26066521
1.60540541	0.251384335
1.61351351	0.242394838
1.62162162	0.233692165
1.62972973	0.22527173
1.63783784	0.21712892
1.64594595	0.209259091
1.65405405	0.201657576
1.66216216	0.194319686
1.67027027	0.187240712
1.67837838	0.180415926
1.68648649	0.173840587
1.69459459	0.167509941
1.7027027	0.161419224
1.71081081	0.155563664
1.71891892	0.149938485
1.72702703	0.144538907
1.73513514	0.139360149
1.74324324	0.134397433
1.75135135	0.129645986
1.75945946	0.125101039
1.76756757	0.120757835
1.77567568	0.116611625
1.78378378	0.112657676
1.79189189	0.108891267
1.8	0.105307698
1.80810811	0.101902286
1.81621622	0.098670373
1.82432432	0.0956073211
1.83243243	0.0927085207
1.84054054	0.0899693893
1.84864865	0.0873853741
1.85675676	0.0849519543
1.86486486	0.0826646424
1.87297297	0.0805189864
1.88108108	0.0785105714
1.88918919	0.0766350215
1.8972973	0.0748880014
1.90540541	0.073265218
1.91351351	0.0717624222
1.92162162	0.0703754102
1.92972973	0.0691000253
1.93783784	0.0679321592
1.94594595	0.0668677534
1.95405405	0.0659028009
1.96216216	0.0650333469
1.97027027	0.0642554909
1.97837838	0.0635653873
1.98648649	0.0629592466
1.99459459	0.062433337
2.0027027	0.0619839851
2.01081081	0.061607577
2.01891892	0.0613005595
2.02702703	0.0610594405
2.03513514	0.0608807906
2.04324324	0.0607612434
2.05135135	0.0606974962
2.05945946	0.0606863114
2.06756757	0.0607245163
2.07567568	0.0608090045
2.08378378	0.0609367359
2.09189189	0.0611047376
2.1	0.0613101039
2.10810811	0.0615499973
2.11621622	0.0618216485
2.12432432	0.0621223567
2.13243243	0.0624494902
2.14054054	0.062800486
2.14864865	0.0631728507
2.15675676	0.06356416
2.16486486	0.063972059
2.17297297	0.0643942625
2.18108108	0.0648285543
2.18918919	0.0652727877
2.1972973	0.0657248854
2.20540541	0.0661828387
2.21351351	0.0666447079
2.22162162	0.067108622
2.22972973	0.0675727779
2.23783784	0.0680354405
2.24594595	0.0684949424
2.25405405	0.0689496828
2.26216216	0.0693981278
2.27027027	0.0698388095
2.27837838	0.0702703254
2.28648649	0.070691338
2.29459459	0.0711005739
2.3027027	0.0714968235
2.31081081	0.07187894
2.31891892	0.0722458386
2.32702703	0.0725964962
2.33513514	0.0729299499
2.34324324	0.0732452968
2.35135135	0.0735416927
2.35945946	0.0738183515
2.36756757	0.0740745441
2.37567568	0.0743095974
2.38378378	0.0745228933
2.39189189	0.0747138682
2.4	0.0748820112
2.40810811	0.0750268634
2.41621622	0.0751480172
2.42432432	0.0752451144
2.43243243	0.0753178459
2.44054054	0.07536595
2.44864865	0.0753892115
2.45675676	0.0753874605
2.46486486	0.0753605713
2.47297297	0.075308461
2.48108108	0.0752310884
2.48918919	0.0751284529
2.4972973	0.0750005933
2.50540541	0.0748475861
2.51351351	0.074669545
2.52162162	0.074466619
2.52972973	0.0742389916
2.53783784	0.0739868793
2.54594595	0.0737105303
2.55405405	0.0734102236
2.56216216	0.0730862673
2.57027027	0.0727389977
2.57837838	0.0723687777
2.58648649	0.0719759959
2.59459459	0.0715610652
2.6027027	0.0711244215
2.61081081	0.0706665226
2.61891892	0.0701878467
2.62702703	0.0696888917
2.63513514	0.0691701735
2.64324324	0.0686322249
2.65135135	0.0680755948
2.65945946	0.0675008465
2.66756757	0.0669085567
2.67567568	0.0662993148
2.68378378	0.065673721
2.69189189	0.0650323859
2.7	0.0643759289
2.70810811	0.0637049776
2.71621622	0.0630201662
2.72432432	0.0623221349
2.73243243	0.0616115287
2.74054054	0.0608889965
2.74864865	0.06015519
2.75675676	0.059410763
2.76486486	0.05865637
2.77297297	0.0578926659
2.78108108	0.0571203047
2.78918919	0.0563399389
2.7972973	0.0555522183
2.80540541	0.0547577898
2.81351351	0.053957296
2.82162162	0.0531513751
2.82972973	0.0523406595
2.83783784	0.0515257757
2.84594595	0.0507073432
2.85405405	0.0498859743
2.86216216	0.0490622732
2.87027027	0.0482368353
2.87837838	0.0474102472
2.88648649	0.0465830856
2.89459459	0.0457559172
2.9027027	0.0449292981
2.91081081	0.0441037735
2.91891892	0.0432798769
2.92702703	0.0424581306
2.93513514	0.0416390443
2.94324324	0.0408231157
2.95135135	0.0400108298
2.95945946	0.0392026585
2.96756757	0.0383990609
2.97567568	0.0376004828
2.98378378	0.0368073566
2.99189189	0.0360201011
3	0.0352391217
3.00810811	0.0344648099
3.01621622	0.0336975438
3.02432432	0.0329376875
3.03243243	0.0321855918
3.04054054	0.0314415937
3.04864865	0.0307060167
3.05675676	0.029979171
3.06486486	0.0292613533
3.07297297	0.0285528476
3.08108108	0.0278539248
3.08918919	0.0271648429
3.0972973	0.0264858477
3.10540541	0.0258171729
3.11351351	0.02515904
3.12162162	0.0245116591
3.12972973	0.0238752292
3.13783784	0.023249938
3.14594595	0.0226359631
3.15405405	0.0220334716
3.16216216	0.0214426211
3.17027027	0.0208635599
3.17837838	0.0202964275
3.18648649	0.0197413548
3.19459459	0.0191984652
3.2027027	0.0186678744
3.21081081	0.0181496915
3.21891892	0.017644019
3.22702703	0.0171509538
3.23513514	0.0166705876
3.24324324	0.0162030073
3.25135135	0.0157482958
3.25945946	0.0153065325
3.26756757	0.0148777939
3.27567568	0.0144621541
3.28378378	0.0140596858
3.29189189	0.0136704603
3.3	0.0132945487
3.30810811	0.0129320221
3.31621622	0.0125829528
3.32432432	0.012247414
3.33243243	0.0119254816
3.34054054	0.0116172337
3.34864865	0.0113227522
3.35675676	0.0110421228
3.36486486	0.0107754358
3.37297297	0.0105227871
3.38108108	0.0102842782
3.38918919	0.0100600173
3.3972973	0.00985011965
3.40540541	0.0096547085
3.41351351	0.00947391534
3.42162162	0.0093078807
3.42972973	0.00915675472
3.43783784	0.0090206977
3.44594595	0.00889988071
3.45405405	0.00879448614
3.46216216	0.00870470826
3.47027027	0.00863075374
3.47837838	0.0085728422
3.48648649	0.00853120672
3.49459459	0.00850609434
3.5027027	0.00849776652
3.51081081	0.00850649967
3.51891892	0.00853258553
3.52702703	0.00857633165
3.53513514	0.0086380618
3.54324324	0.00871811637
3.55135135	0.00881685273
3.55945946	0.00893464565
3.56756757	0.00907188755
3.57567568	0.00922898891
3.58378378	0.00940637852
3.59189189	0.00960450379
3.6	0.00982383095
3.60810811	0.0100648454
3.61621622	0.0103280517
3.62432432	0.0106139741
3.63243243	0.0109231564
3.64054054	0.0112561622
3.64864865	0.011613575
3.65675676	0.0119959986
3.66486486	0.0124040564
3.67297297	0.0128383923
3.68108108	0.0132996702
3.68918919	0.0137885743
3.6972973	0.0143058088
3.70540541	0.0148520979
3.71351351	0.015428186
3.72162162	0.0160348373
3.72972973	0.0166728355
3.73783784	0.0173429843
3.74594595	0.0180461065
3.75405405	0.0187830443
3.76216216	0.0195546587
3.77027027	0.0203618297
3.77837838	0.0212054554
3.78648649	0.0220864522
3.79459459	0.0230057542
3.8027027	0.0239643131
3.81081081	0.0249630976
3.81891892	0.0260030929
3.82702703	0.0270853005
3.83513514	0.0282107378
3.84324324	0.0293804374
3.85135135	0.0305954466
3.85945946	0.0318568271
3.86756757	0.0331656542
3.87567568	0.0345230167
3.88378378	0.0359300155
3.89189189	0.0373877639
3.9	0.0388973863
3.90810811	0.0404600179
3.91621622	0.0420768038
3.92432432	0.0437488988
3.93243243	0.045477466
3.94054054	0.0472636766
3.94864865	0.049108709
3.95675676	0.051013748
3.96486486	0.0529799841
3.97297297	0.0550086128
3.98108108	0.0571008335
3.98918919	0.059257849
3.9972973	0.0614808647
4.00540541	0.0637710874
4.01351351	0.0661297248
4.02162162	0.0685579846
4.02972973	0.0710570735
4.03783784	0.0736281964
4.04594595	0.0762725554
4.05405405	0.0789913491
4.06216216	0.0817857717
4.07027027	0.0846570118
4.07837838	0.0876062519
4.08648649	0.0906346672
4.09459459	0.0937434247
4.1027027	0.0969336825
4.11081081	0.100206588
4.11891892	0.10356328
4.12702703	0.107004882
4.13513514	0.110532507
4.14324324	0.114147253
4.15135135	0.117850207
4.15945946	0.121642435
4.16756757	0.12552499
4.17567568	0.129498907
4.18378378	0.133565203
4.19189189	0.137724875
4.2	0.141978901
4.20810811	0.146328238
4.21621622	0.15077382
4.22432432	0.155316559
4.23243243	0.159957344
4.24054054	0.164697039
4.24864865	0.169536484
4.25675676	0.174476491
4.26486486	0.179517846
4.27297297	0.184661309
4.28108108	0.189907609
4.28918919	0.195257448
4.2972973	0.200711497
4.30540541	0.206270397
4.31351351	0.211934756
4.32162162	0.217705152
4.32972973	0.22358213
4.33783784	0.229566201
4.34594595	0.235657842
4.35405405	0.241857496
4.36216216	0.24816557
4.37027027	0.254582436
4.37837838	0.261108429
4.38648649	0.267743848
4.39459459	0.274488955
4.4027027	0.281343971
4.41081081	0.288309084
4.41891892	0.295384438
4.42702703	0.302570142
4.43513514	0.309866262
4.44324324	0.317272828
4.45135135	0.324789827
4.45945946	0.332417207
4.46756757	0.340154873
4.47567568	0.348002693
4.48378378	0.355960489
4.49189189	0.364028045
4.5	0.372205103
4.50810811	0.380491363
4.51621622	0.388886482
4.52432432	0.397390076
4.53243243	0.406001721
4.54054054	0.414720947
4.54864865	0.423547245
4.55675676	0.432480064
4.56486486	0.44151881
4.57297297	0.450662847
4.58108108	0.459911499
4.58918919	0.469264048
4.5972973	0.478719733
4.60540541	0.488277754
4.61351351	0.497937269
4.62162162	0.507697395
4.62972973	0.517557211
4.63783784	0.527515752
4.64594595	0.537572017
4.65405405	0.547724965
4.66216216	0.557973513
4.67027027	0.568316544
4.67837838	0.578752901
4.68648649	0.589281387
4.69459459	0.599900772
4.7027027	0.610609788
4.71081081	0.62140713
4.71891892	0.632291458
4.72702703	0.643261398
4.73513514	0.654315541
4.74324324	0.665452445
4.75135135	0.676670636
4.75945946	0.687968604
4.76756757	0.699344812
4.77567568	0.710797691
4.78378378	0.72232564
4.79189189	0.733927032
4.8	0.745600208
4.80810811	0.757343484
4.81621622	0.769155149
4.82432432	0.781033464
4.83243243	0.792976668
4.84054054	0.804982973
4.84864865	0.817050569
4.85675676	0.829177624
4.86486486	0.841362283
4.87297297	0.853602672
4.88108108	0.865896896
4.88918919	0.878243043
4.8972973	0.890639181
4.90540541	0.903083363
4.91351351	0.915573626
4.92162162	0.928107992
4.92972973	0.940684469
4.93783784	0.953301053
4.94594595	0.965955727
4.95405405	0.978646465
4.96216216	0.99137123
4.97027027	1.00412798
4.97837838	1.01691465
4.98648649	1.0297292
4.99459459	1.04256955
5.0027027	1.05543363
5.01081081	1.06831938
5.01891892	1.08122471
5.02702703	1.09414755
5.03513514	1.10708582
5.04324324	1.12003745
5.05135135	1.13300036
5.05945946	1.14597248
5.06756757	1.15895174
5.07567568	1.17193607
5.08378378	1.18492342
5.09189189	1.19791174
5.1	1.21089898
5.10810811	1.22388311
5.11621622	1.2368621
5.12432432	1.24983394
5.13243243	1.26279663
5.14054054	1.27574817
5.14864865	1.28868658
5.15675676	1.30160991
5.16486486	1.31451621
5.17297297	1.32740354
5.18108108	1.34026999
5.18918919	1.35311367
5.1972973	1.36593269
5.20540541	1.3787252
5.21351351	1.39148935
5.22162162	1.40422334
5.22972973	1.41692536
5.23783784	1.42959364
5.24594595	1.44222644
5.25405405	1.45482202
5.26216216	1.4673787
5.27027027	1.47989478
5.27837838	1.49236862
5.28648649	1.50479861
5.29459459	1.51718314
5.3027027	1.52952064
5.31081081	1.54180958
5.31891892	1.55404845
5.32702703	1.56623577
5.33513514	1.57837008
5.34324324	1.59044996
5.35135135	1.60247404
5.35945946	1.61444094
5.36756757	1.62634934
5.37567568	1.63819795
5.38378378	1.64998551
5.39189189	1.66171078
5.4	1.67337258
5.40810811	1.68496974
5.41621622	1.69650113
5.42432432	1.70796565
5.43243243	1.71936225
5.44054054	1.7306899
5.44864865	1.74194761
5.45675676	1.75313442
5.46486486	1.76424941
5.47297297	1.77529169
5.48108108	1.7862604
5.48918919	1.79715474
5.4972973	1.80797392
5.50540541	1.81871718
5.51351351	1.82938382
5.52162162	1.83997316
5.52972973	1.85048455
5.53783784	1.86091739
5.54594595	1.8712711
5.55405405	1.88154514
5.56216216	1.89173902
5.57027027	1.90185224
5.57837838	1.91188439
5.58648649	1.92183506
5.59459459	1.93170386
5.6027027	1.94149048
5.61081081	1.9511946
5.61891892	1.96081596
5.62702703	1.97035431
5.63513514	1.97980945
5.64324324	1.9891812
5.65135135	1.99846941
5.65945946	2.00767399
5.66756757	2.01679483
5.67567568	2.02583189
5.68378378	2.03478514
5.69189189	2.0436546
5.7	2.05244029
5.70810811	2.06114228
5.71621622	2.06976066
5.72432432	2.07829554
5.73243243	2.08674707
5.74054054	2.09511543
5.74864865	2.10340079
5.75675676	2.1116034
5.76486486	2.11972349
5.77297297	2.12776132
5.78108108	2.13571721
5.78918919	2.14359145
5.7972973	2.15138439
5.80540541	2.15909639
5.81351351	2.16672782
5.82162162	2.17427909
5.82972973	2.18175062
5.83783784	2.18914284
5.84594595	2.19645622
5.85405405	2.20369122
5.86216216	2.21084835
5.87027027	2.21792811
5.87837838	2.22493103
5.88648649	2.23185764
5.89459459	2.23870851
5.9027027	2.24548419
5.91081081	2.25218528
5.91891892	2.25881236
5.92702703	2.26536605
5.93513514	2.27184697
5.94324324	2.27825574
5.95135135	2.28459299
5.95945946	2.29085939
5.96756757	2.29705559
5.97567568	2.30318225
5.98378378	2.30924005
5.99189189	2.31522967
6	2.32115179
6.00810811	2.32700711
6.01621622	2.33279633
6.02432432	2.33852015
6.03243243	2.34417927
6.04054054	2.34977441
6.04864865	2.35530628
6.05675676	2.36077559
6.06486486	2.36618307
6.07297297	2.37152942
6.08108108	2.37681538
6.08918919	2.38204166
6.0972973	2.38720897
6.10540541	2.39231804
6.11351351	2.39736959
6.12162162	2.40236433
6.12972973	2.40730298
6.13783784	2.41218624
6.14594595	2.41701482
6.15405405	2.42178943
6.16216216	2.42651077
6.17027027	2.43117953
6.17837838	2.43579641
6.18648649	2.44036208
6.19459459	2.44487724
6.2027027	2.44934256
6.21081081	2.45375871
6.21891892	2.45812634
6.22702703	2.46244612
6.23513514	2.46671869
6.24324324	2.47094469
6.25135135	2.47512476
6.25945946	2.47925953
6.26756757	2.48334961
6.27567568	2.48739561
6.28378378	2.49139813
6.29189189	2.49535776
6.3	2.4992751
6.30810811	2.5031507
6.31621622	2.50698514
6.32432432	2.51077897
6.33243243	2.51453274
6.34054054	2.51824698
6.34864865	2.52192221
6.35675676	2.52555897
6.36486486	2.52915774
6.37297297	2.53271904
6.38108108	2.53624333
6.38918919	2.53973111
6.3972973	2.54318283
6.40540541	2.54659896
6.41351351	2.54997993
6.42162162	2.55332618
6.42972973	2.55663814
6.43783784	2.55991621
6.44594595	2.56316082
6.45405405	2.56637234
6.46216216	2.56955117
6.47027027	2.57269767
6.47837838	2.57581222
6.48648649	2.57889516
6.49459459	2.58194684
6.5027027	2.5849676
6.51081081	2.58795775
6.51891892	2.59091763
6.52702703	2.59384752
6.53513514	2.59674773
6.54324324	2.59961856
6.55135135	2.60246026
6.55945946	2.60527312
6.56756757	2.6080574
6.57567568	2.61081336
6.58378378	2.61354122
6.59189189	2.61624124
6.6	2.61891363
6.60810811	2.62155863
6.61621622	2.62417644
6.62432432	2.62676727
6.63243243	2.62933131
6.64054054	2.63186876
6.64864865	2.63437981
6.65675676	2.63686462
6.66486486	2.63932338
6.67297297	2.64175624
6.68108108	2.64416337
6.68918919	2.64654491
6.6972973	2.64890102
6.70540541	2.65123183
6.71351351	2.65353749
6.72162162	2.65581812
6.72972973	2.65807385
6.73783784	2.6603048
6.74594595	2.66251109
6.75405405	2.66469284
6.76216216	2.66685015
6.77027027	2.66898312
6.77837838	2.67109187
6.78648649	2.67317648
6.79459459	2.67523706
6.8027027	2.67727369
6.81081081	2.67928646
6.81891892	2.68127547
6.82702703	2.68324079
6.83513514	2.6851825
6.84324324	2.68710069
6.85135135	2.68899543
6.85945946	2.6908668
6.86756757	2.69271487
6.87567568	2.69453972
6.88378378	2.69634141
6.89189189	2.69812001
6.9	2.6998756
6.90810811	2.70160824
6.91621622	2.703318
6.92432432	2.70500494
6.93243243	2.70666913
6.94054054	2.70831063
6.94864865	2.70992952
6.95675676	2.71152585
6.96486486	2.71309969
6.97297297	2.7146511
6.98108108	2.71618015
6.98918919	2.7176869
6.9972973	2.71917142
7.00540541	2.72063377
7.01351351	2.72207402
7.02162162	2.72349223
7.02972973	2.72488847
7.03783784	2.7262628
7.04594595	2.7276153
7.05405405	2.72894603
7.06216216	2.73025505
7.07027027	2.73154245
7.07837838	2.73280828
7.08648649	2.73405262
7.09459459	2.73527553
7.1027027	2.7364771
7.11081081	2.73765738
7.11891892	2.73881646
7.12702703	2.73995441
7.13513514	2.7410713
7.14324324	2.74216721
7.15135135	2.74324221
7.15945946	2.74429638
7.16756757	2.74532979
7.17567568	2.74634252
7.18378378	2.74733464
7.19189189	2.74830624
7.2	2.7492574
7.20810811	2.75018818
7.21621622	2.75109868
7.22432432	2.75198896
7.23243243	2.7528591
7.24054054	2.7537092
7.24864865	2.75453931
7.25675676	2.75534953
7.26486486	2.75613993
7.27297297	2.75691058
7.28108108	2.75766157
7.28918919	2.75839298
7.2972973	2.75910487
7.30540541	2.75979733
7.31351351	2.76047043
7.32162162	2.76112425
7.32972973	2.76175887
7.33783784	2.76237434
7.34594595	2.76297075
7.35405405	2.76354817
7.36216216	2.76410667
7.37027027	2.76464632
7.37837838	2.76516718
7.38648649	2.76566932
7.39459459	2.7661528
7.4027027	2.7666177
7.41081081	2.76706406
7.41891892	2.76749196
7.42702703	2.76790144
7.43513514	2.76829257
7.44324324	2.76866539
7.45135135	2.76901997
7.45945946	2.76935635
7.46756757	2.76967458
7.47567568	2.76997471
7.48378378	2.77025678
7.49189189	2.77052082
7.5	2.77076689
7.50810811	2.77099502
7.51621622	2.77120523
7.52432432	2.77139758
7.53243243	2.77157207
7.54054054	2.77172874
7.54864865	2.77186762
7.55675676	2.77198872
7.56486486	2.77209207
7.57297297	2.77217767
7.58108108	2.77224555
7.58918919	2.77229571
7.5972973	2.77232817
7.60540541	2.77234292
7.61351351	2.77233997
7.62162162	2.77231932
7.62972973	2.77228096
7.63783784	2.77222489
7.64594595	2.77215111
7.65405405	2.77205959
7.66216216	2.77195033
7.67027027	2.7718233
7.67837838	2.7716785
7.68648649	2.77151589
7.69459459	2.77133545
7.7027027	2.77113715
7.71081081	2.77092097
7.71891892	2.77068686
7.72702703	2.77043481
7.73513514	2.77016476
7.74324324	2.76987668
7.75135135	2.76957052
7.75945946	2.76924625
7.76756757	2.7689038
7.77567568	2.76854315
7.78378378	2.76816423
7.79189189	2.76776699
7.8	2.76735137
7.80810811	2.76691733
7.81621622	2.76646479
7.82432432	2.76599371
7.83243243	2.76550401
7.84054054	2.76499564
7.84864865	2.76446852
7.85675676	2.7639226
7.86486486	2.76335781
7.87297297	2.76277406
7.88108108	2.7621713
7.88918919	2.76154946
7.8972973	2.76090845
7.90540541	2.76024821
7.91351351	2.75956867
7.92162162	2.75886974
7.92972973	2.75815135
7.93783784	2.75741342
7.94594595	2.75665588
7.95405405	2.75587866
7.96216216	2.75508166
7.97027027	2.75426482
7.97837838	2.75342806
7.98648649	2.75257129
7.99459459	2.75169444
8.0027027	2.75079743
8.01081081	2.74988018
8.01891892	2.74894261
8.02702703	2.74798465
8.03513514	2.74700622
8.04324324	2.74600723
8.05135135	2.74498762
8.05945946	2.7439473
8.06756757	2.7428862
8.07567568	2.74180424
8.08378378	2.74070134
8.09189189	2.73957744
8.1	2.73843246
8.10810811	2.73726631
8.11621622	2.73607894
8.12432432	2.73487027
8.13243243	2.73364022
8.14054054	2.73238873
8.14864865	2.73111571
8.15675676	2.72982112
8.16486486	2.72850486
8.17297297	2.72716689
8.18108108	2.72580712
8.18918919	2.72442549
8.1972973	2.72302194
8.20540541	2.72159639
8.21351351	2.72014878
8.22162162	2.71867905
8.22972973	2.71718712
8.23783784	2.71567295
8.24594595	2.71413645
8.25405405	2.71257757
8.26216216	2.71099624
8.27027027	2.7093924
8.27837838	2.70776598
8.28648649	2.70611692
8.29459459	2.70444515
8.3027027	2.70275061
8.31081081	2.70103324
8.31891892	2.69929296
8.32702703	2.6975297
8.33513514	2.69574341
8.34324324	2.69393401
8.35135135	2.69210143
8.35945946	2.6902456
8.36756757	2.68836645
8.37567568	2.6864639
8.38378378	2.68453788
8.39189189	2.68258831
8.4	2.6806151
8.40810811	2.67861818
8.41621622	2.67659747
8.42432432	2.67455286
8.43243243	2.67248428
8.44054054	2.67039164
8.44864865	2.66827483
8.45675676	2.66613375
8.46486486	2.66396831
8.47297297	2.66177839
8.48108108	2.65956389
8.48918919	2.65732469
8.4972973	2.65506068
8.50540541	2.65277172
8.51351351	2.65045769
8.52162162	2.64811846
8.52972973	2.6457539
8.53783784	2.64336384
8.54594595	2.64094815
8.55405405	2.63850668
8.56216216	2.63603926
8.57027027	2.63354572
8.57837838	2.63102589
8.58648649	2.62847959
8.59459459	2.62590664
8.6027027	2.62330684
8.61081081	2.62067999
8.61891892	2.61802589
8.62702703	2.61534431
8.63513514	2.61263504
8.64324324	2.60989784
8.65135135	2.60713247
8.65945946	2.60433869
8.66756757	2.60151624
8.67567568	2.59866486
8.68378378	2.59578428
8.69189189	2.5928742
8.7	2.58993435
8.70810811	2.58696441
8.71621622	2.58396409
8.72432432	2.58093306
8.73243243	2.577871
8.74054054	2.57477756
8.74864865	2.5716524
8.75675676	2.56849517
8.76486486	2.56530548
8.77297297	2.56208298
8.78108108	2.55882726
8.78918919	2.55553793
8.7972973	2.55221459
8.80540541	2.54885682
8.81351351	2.54546418
8.82162162	2.54203624
8.82972973	2.53857255
8.83783784	2.53507265
8.84594595	2.53153607
8.85405405	2.52796234
8.86216216	2.52435096
8.87027027	2.52070144
8.87837838	2.51701326
8.88648649	2.5132859
8.89459459	2.50951884
8.9027027	2.50571153
8.91081081	2.50186343
8.91891892	2.49797398
8.92702703	2.49404262
8.93513514	2.49006875
8.94324324	2.4860518
8.95135135	2.48199118
8.95945946	2.47788627
8.96756757	2.47373647
8.97567568	2.46954116
8.98378378	2.4652997
8.99189189	2.46101147
9	2.45667581
9.00810811	2.45229208
9.01621622	2.44785962
9.02432432	2.44337776
9.03243243	2.43884584
9.04054054	2.43426317
9.04864865	2.42962908
9.05675676	2.42494287
9.06486486	2.42020385
9.07297297	2.41541132
9.08108108	2.41056459
9.08918919	2.40566295
9.0972973	2.40070569
9.10540541	2.39569209
9.11351351	2.39062145
9.12162162	2.38549304
9.12972973	2.38030615
9.13783784	2.37506006
9.14594595	2.36975405
9.15405405	2.3643874
9.16216216	2.35895939
9.17027027	2.35346931
9.17837838	2.34791643
9.18648649	2.34230004
9.19459459	2.33661943
9.2027027	2.33087389
9.21081081	2.32506272
9.21891892	2.31918521
9.22702703	2.31324066
9.23513514	2.30722839
9.24324324	2.30114771
9.25135135	2.29499795
9.25945946	2.28877843
9.26756757	2.28248848
9.27567568	2.27612746
9.28378378	2.26969471
9.29189189	2.26318961
9.3	2.25661152
9.30810811	2.24995983
9.31621622	2.24323395
9.32432432	2.23643327
9.33243243	2.22955721
9.34054054	2.22260523
9.34864865	2.21557676
9.35675676	2.20847126
9.36486486	2.20128823
9.37297297	2.19402716
9.38108108	2.18668755
9.38918919	2.17926894
9.3972973	2.17177088
9.40540541	2.16419294
9.41351351	2.15653469
9.42162162	2.14879576
9.42972973	2.14097575
9.43783784	2.13307433
9.44594595	2.12509117
9.45405405	2.11702594
9.46216216	2.10887838
9.47027027	2.10064821
9.47837838	2.09233521
9.48648649	2.08393915
9.49459459	2.07545985
9.5027027	2.06689715
9.51081081	2.05825091
9.51891892	2.04952103
9.52702703	2.04070742
9.53513514	2.03181004
9.54324324	2.02282885
9.55135135	2.01376385
9.55945946	2.00461509
9.56756757	1.99538263
9.57567568	1.98606656
9.58378378	1.97666699
9.59189189	1.9671841
9.6	1.95761805
9.60810811	1.94796908
9.61621622	1.93823743
9.62432432	1.92842338
9.63243243	1.91852724
9.64054054	1.90854938
9.64864865	1.89849016
9.65675676	1.88835
9.66486486	1.87812935
9.67297297	1.86782869
9.68108108	1.85744854
9.68918919	1.84698945
9.6972973	1.83645201
9.70540541	1.82583683
9.71351351	1.81514457
9.72162162	1.80437592
9.72972973	1.79353161
9.73783784	1.78261239
9.74594595	1.77161906
9.75405405	1.76055245
9.76216216	1.74941342
9.77027027	1.73820287
9.77837838	1.72692174
9.78648649	1.715571
9.79459459	1.70415164
9.8027027	1.69266471
9.81081081	1.68111127
9.81891892	1.66949244
9.82702703	1.65780935
9.83513514	1.64606318
9.84324324	1.63425514
9.85135135	1.62238645
9.85945946	1.6104584
9.86756757	1.5984723
9.87567568	1.58642947
9.88378378	1.57433128
9.89189189	1.56217915
9.9	1.54997448
9.90810811	1.53771876
9.91621622	1.52541346
9.92432432	1.51306011
9.93243243	1.50066025
9.94054054	1.48821547
9.94864865	1.47572736
9.95675676	1.46319757
9.96486486	1.45062774
9.97297297	1.43801956
9.98108108	1.42537474
9.98918919	1.41269501
9.9972973	1.39998214
10.0054054	1.3872379
10.0135135	1.37446409
10.0216216	1.36166254
10.0297297	1.34883509
10.0378378	1.33598361
10.0459459	1.32310999
10.0540541	1.31021612
10.0621622	1.29730393
10.0702703	1.28437536
10.0783784	1.27143235
10.0864865	1.25847687
10.0945946	1.24551092
10.1027027	1.23253647
10.1108108	1.21955554
10.1189189	1.20657015
10.127027	1.19358232
10.1351351	1.1805941
10.1432432	1.16760752
10.1513514	1.15462465
10.1594595	1.14164754
10.1675676	1.12867827
10.1756757	1.11571889
10.1837838	1.10277148
10.1918919	1.08983812
10.2	1.07692088
10.2081081	1.06402185
10.2162162	1.05114309
10.2243243	1.03828669
10.2324324	1.02545471
10.2405405	1.01264923
10.2486486	0.999872301
10.2567568	0.987125987
10.2648649	0.974412338
10.272973	0.961733395
10.2810811	0.949091193
10.2891892	0.936487755
10.2972973	0.923925092
10.3054054	0.911405207
10.3135135	0.898930085
10.3216216	0.8865017
10.3297297	0.87412201
10.3378378	0.861792958
10.3459459	0.849516467
10.3540541	0.837294445
10.3621622	0.82512878
10.3702703	0.81302134
10.3783784	0.800973972
10.3864865	0.7889885
10.3945946	0.777066729
10.4027027	0.765210435
10.4108108	0.753421375
10.4189189	0.741701277
10.427027	0.730051843
10.4351351	0.718474749
10.4432432	0.706971644
10.4513514	0.695544146
10.4594595	0.684193845
10.4675676	0.672922299
10.4756757	0.661731039
10.4837838	0.650621559
10.4918919	0.639595325
10.5	0.628653768
10.5081081	0.617798284
10.5162162	0.607030237
10.5243243	0.596350955
10.5324324	0.58576173
10.5405405	0.575263819
10.5486486	0.56485844
10.5567568	0.554546776
10.5648649	0.544329972
10.572973	0.534209134
10.5810811	0.52418533
10.5891892	0.514259588
10.5972973	0.504432897
10.6054054	0.494706207
10.6135135	0.485080427
10.6216216	0.475556427
10.6297297	0.466135034
10.6378378	0.456817035
10.6459459	0.447603176
10.6540541	0.438494163
10.6621622	0.429490658
10.6702703	0.420593282
10.6783784	0.411802615
10.6864865	0.403119195
10.6945946	0.394543517
10.7027027	0.386076036
10.7108108	0.377717163
10.7189189	0.369467268
10.727027	0.361326679
10.7351351	0.353295683
10.7432432	0.345374524
10.7513514	0.337563405
10.7594595	0.329862488
10.7675676	0.322271893
10.7756757	0.314791701
10.7837838	0.307421951
10.7918919	0.300162641
10.8	0.29301373
10.8081081	0.285975137
10.8162162	0.279046741
10.8243243	0.272228384
10.8324324	0.265519867
10.8405405	0.258920954
10.8486486	0.252431371
10.8567568	0.246050808
10.8648649	0.239778917
10.872973	0.233615315
10.8810811	0.227559581
10.8891892	0.221611263
10.8972973	0.215769871
10.9054054	0.210034882
10.9135135	0.204405742
10.9216216	0.198881862
10.9297297	0.193462622
10.9378378	0.188147372
10.9459459	0.18293543
10.9540541	0.177826086
10.9621622	0.172818599
10.9702703	0.167912202
10.9783784	0.163106098
10.9864865	0.158399468
10.9945946	0.153791462
11.0027027	0.149281208
11.0108108	0.144867811
11.0189189	0.140550349
11.027027	0.136327882
11.0351351	0.132199445
11.0432432	0.128164053
11.0513514	0.124220704
11.0594595	0.120368374
11.0675676	0.116606022
11.0756757	0.11293259
11.0837838	0.109347005
11.0918919	0.105848177
11.1	0.102435003
11.1081081	0.0991063662
11.1162162	0.0958611366
11.1243243	0.0926981736
11.1324324	0.089616326
11.1405405	0.0866144325
11.1486486	0.0836913233
11.1567568	0.0808458208
11.1648649	0.0780767402
11.172973	0.0753828909
11.1810811	0.0727630774
11.1891892	0.0702160996
11.1972973	0.0677407544
11.2054054	0.0653358362
11.2135135	0.0630001378
11.2216216	0.0607324516
11.2297297	0.05853157
11.2378378	0.0563962866
11.2459459	0.0543253968
11.2540541	0.0523176987
11.2621622	0.0503719942
11.2702703	0.0484870894
11.2783784	0.0466617957
11.2864865	0.0448949301
11.2945946	0.0431853167
11.3027027	0.0415317869
11.3108108	0.0399331803
11.3189189	0.0383883452
11.327027	0.0368961398
11.3351351	0.0354554323
11.3432432	0.034065102
11.3513514	0.0327240397
11.3594595	0.0314311484
11.3675676	0.0301853439
11.3756757	0.0289855551
11.3837838	0.0278307253
11.3918919	0.0267198119
11.4	0.0256517873
11.4081081	0.0246256395
11.4162162	0.0236403722
11.4243243	0.0226950057
11.4324324	0.0217885769
11.4405405	0.0209201401
11.4486486	0.0200887669
11.4567568	0.019293547
11.4648649	0.0185335883
11.472973	0.0178080171
11.4810811	0.0171159787
11.4891892	0.0164566372
11.4972973	0.0158291763
11.5054054	0.0152327989
11.5135135	0.0146667277
11.5216216	0.0141302052
11.5297297	0.0136224937
11.5378378	0.0131428755
11.5459459	0.0126906533
11.5540541	0.0122651495
11.5621622	0.011865707
11.5702703	0.0114916887
11.5783784	0.0111424776
11.5864865	0.0108174768
11.5945946	0.0105161095
11.6027027	0.0102378185
11.6108108	0.00998206678
11.6189189	0.00974833656
11.627027	0.00953612968
11.6351351	0.00934496717
11.6432432	0.0091743891
11.6513514	0.00902395429
11.6594595	0.00889324009
11.6675676	0.00878184209
11.6756757	0.00868937376
11.6837838	0.00861546619
11.6918919	0.00855976771
11.7	0.00852194351
11.7081081	0.00850167527
11.7162162	0.00849866076
11.7243243	0.00851261339
11.7324324	0.00854326181
11.7405405	0.00859034939
11.7486486	0.00865363381
11.7567568	0.00873288654
11.7648649	0.00882789232
11.772973	0.00893844868
11.7810811	0.00906436538
11.7891892	0.00920546385
11.7972973	0.00936157668
11.8054054	0.00953254702
11.8135135	0.009718228
11.8216216	0.00991848216
11.8297297	0.0101331808
11.8378378	0.0103622035
11.8459459	0.0106054374
11.8540541	0.0108627765
11.8621622	0.0111341213
11.8702703	0.0114193779
11.8783784	0.0117184575
11.8864865	0.0120312758
11.8945946	0.0123577523
11.9027027	0.0126978095
11.9108108	0.0130513727
11.9189189	0.0134183688
11.927027	0.0137987263
11.9351351	0.014192374
11.9432432	0.0145992408
11.9513514	0.015019255
11.9594595	0.0154523435
11.9675676	0.0158984315
11.9756757	0.0163574416
11.9837838	0.0168292932
11.9918919	0.0173139023
12	0.0178111804
12.0081081	0.018321034
12.0162162	0.0188433646
12.0243243	0.0193780675
12.0324324	0.0199250313
12.0405405	0.020484138
12.0486486	0.0210552616
12.0567568	0.0216382685
12.0648649	0.0222330162
12.072973	0.0228393535
12.0810811	0.0234571196
12.0891892	0.0240861439
12.0972973	0.0247262456
12.1054054	0.0253772331
12.1135135	0.0260389038
12.1216216	0.026711044
12.1297297	0.027393428
12.1378378	0.0280858181
12.1459459	0.0287879646
12.1540541	0.029499605
12.1621622	0.0302204641
12.1702703	0.0309502539
12.1783784	0.0316886731
12.1864865	0.032435407
12.1945946	0.0331901277
12.2027027	0.0339524935
12.2108108	0.0347221494
12.2189189	0.0354987264
12.227027	0.036281842
12.2351351	0.0370711001
12.2432432	0.0378660908
12.2513514	0.0386663908
12.2594595	0.0394715631
12.2675676	0.0402811576
12.2756757	0.0410947109
12.2837838	0.0419117466
12.2918919	0.0427317754
12.3	0.0435542957
12.3081081	0.0443787936
12.3162162	0.0452047429
12.3243243	0.0460316062
12.3324324	0.0468588346
12.3405405	0.0476858685
12.3486486	0.0485121378
12.3567568	0.0493370624
12.3648649	0.0501600528
12.372973	0.0509805104
12.3810811	0.0517978283
12.3891892	0.052611392
12.3972973	0.0534205792
12.4054054	0.0542247617
12.4135135	0.0550233048
12.4216216	0.055815569
12.4297297	0.05660091
12.4378378	0.05737868
12.4459459	0.0581482281
12.4540541	0.0589089012
12.4621622	0.059660045
12.4702703	0.0604010046
12.4783784	0.0611311255
12.4864865	0.0618497546
12.4945946	0.0625562411
12.5027027	0.0632499372
12.5108108	0.0639301995
12.5189189	0.0645963895
12.527027	0.0652478752
12.5351351	0.0658840316
12.5432432	0.0665042422
12.5513514	0.0671078996
12.5594595	0.0676944071
12.5675676	0.0682631794
12.5756757	0.0688136443
12.5837838	0.0693452429
12.5918919	0.0698574318
12.6	0.0703496835
12.6081081	0.0708214881
12.6162162	0.0712723542
12.6243243	0.07170181
12.6324324	0.072109405
12.6405405	0.0724947109
12.6486486	0.0728573227
12.6567568	0.0731968603
12.6648649	0.0735129694
12.672973	0.073805323
12.6810811	0.0740736226
12.6891892	0.0743175993
12.6972973	0.0745370154
12.7054054	0.0747316651
12.7135135	0.0749013764
12.7216216	0.0750460119
12.7297297	0.0751654701
12.7378378	0.075259687
12.7459459	0.0753286368
12.7540541	0.0753723335
12.7621622	0.075390832
12.7702703	0.0753842294
12.7783784	0.0753526659
12.7864865	0.0752963265
12.7945946	0.0752154417
12.8027027	0.0751102889
12.8108108	0.0749811934
12.8189189	0.0748285298
12.827027	0.0746527226
12.8351351	0.0744542481
12.8432432	0.0742336344
12.8513514	0.0739914633
12.8594595	0.0737283711
12.8675676	0.0734450495
12.8756757	0.0731422463
12.8837838	0.0728207672
12.8918919	0.0724814756
12.9	0.0721252944
12.9081081	0.0717532064
12.9162162	0.0713662554
12.9243243	0.0709655465
12.9324324	0.0705522474
12.9405405	0.0701275891
12.9486486	0.0696928661
12.9567568	0.0692494376
12.9648649	0.0687987277
12.972973	0.0683422265
12.9810811	0.0678814899
12.9891892	0.0674181409
12.9972973	0.0669538695
13.0054054	0.0664904333
13.0135135	0.0660296581
13.0216216	0.0655734378
13.0297297	0.0651237349
13.0378378	0.0646825811
13.0459459	0.0642520768
13.0540541	0.0638343919
13.0621622	0.0634317654
13.0702703	0.0630465059
13.0783784	0.0626809914
13.0864865	0.0623376692
13.0945946	0.062019056
13.1027027	0.0617277376
13.1108108	0.0614663688
13.1189189	0.0612376734
13.127027	0.0610444433
13.1351351	0.0608895389
13.1432432	0.0607758882
13.1513514	0.0607064867
13.1594595	0.0606843966
13.1675676	0.0607127464
13.1756757	0.0607947307
13.1837838	0.0609336087
13.1918919	0.0611327045
13.2	0.0613954054
13.2081081	0.0617251621
13.2162162	0.062125487
13.2243243	0.0625999536
13.2324324	0.0631521958
13.2405405	0.0637859066
13.2486486	0.0645048373
13.2567568	0.0653127959
13.2648649	0.0662136466
13.272973	0.0672113081
13.2810811	0.0683097529
13.2891892	0.0695130052
13.2972973	0.0708251402
13.3054054	0.0722502826
13.3135135	0.073792605
13.3216216	0.0754563263
13.3297297	0.0772457105
13.3378378	0.079165065
13.3459459	0.0812187388
13.3540541	0.083411121
13.3621622	0.0857466391
13.3702703	0.0882297571
13.3783784	0.0908649738
13.3864865	0.0936568208
13.3945946	0.0966098611
13.4027027	0.0997286866
13.4108108	0.103017916
13.4189189	0.106482195
13.427027	0.110126189
13.4351351	0.113954588
13.4432432	0.117972099
13.4513514	0.122183447
13.4594595	0.126593371
13.4675676	0.131206622
13.4756757	0.136027962
13.4837838	0.141062161
13.4918919	0.146313994
13.5	0.151788242
13.5081081	0.157489684
13.5162162	0.163423099
13.5243243	0.169593262
13.5324324	0.176004943
13.5405405	0.182662904
13.5486486	0.189571893
13.5567568	0.196736648
13.5648649	0.204161891
13.572973	0.211852324
13.5810811	0.219812629
13.5891892	0.228047466
13.5972973	0.236561469
13.6054054	0.245359242
13.6135135	0.254445361
13.6216216	0.263824367
13.6297297	0.273500765
13.6378378	0.283479024
13.6459459	0.293763571
13.6540541	0.304358789
13.6621622	0.315269016
13.6702703	0.326498541
13.6783784	0.338051605
13.6864865	0.349932392
13.6945946	0.362145033
13.7027027	0.3746936
13.7108108	0.387582104
13.7189189	0.400814494
13.727027	0.414394652
13.7351351	0.428326393
13.7432432	0.442613463
13.7513514	0.457259534
13.7594595	0.472268203
13.7675676	0.487642989
13.7756757	0.503387335
13.7837838	0.519504599
13.7918919	0.535998056
13.8	0.552870894
13.8081081	0.570126215
13.8162162	0.587767027
13.8243243	0.60579625
13.8324324	0.624216704
13.8405405	0.643031117
13.8486486	0.662242116
13.8567568	0.681852228
13.8648649	0.701863878
13.872973	0.722279384
13.8810811	0.743100962
13.8891892	0.764330718
13.8972973	0.785970646
13.9054054	0.808022634
13.9135135	0.830488451
13.9216216	0.853369756
13.9297297	0.876668089
13.9378378	0.900384875
13.9459459	0.924521417
13.9540541	0.9490789
13.9621622	0.974058386
13.9702703	0.999460815
13.9783784	1.025287
13.9864865	1.05153763
13.9945946	1.07821327
14.0027027	1.10531436
14.0108108	1.1328412
14.0189189	1.16079397
14.027027	1.18917272
14.0351351	1.21797735
14.0432432	1.24720767
14.0513514	1.27686331
14.0594595	1.3069438
14.0675676	1.33744851
14.0756757	1.36837671
14.0837838	1.3997275
14.0918919	1.43149986
14.1	1.46369264
14.1081081	1.49630455
14.1162162	1.52933416
14.1243243	1.5627799
14.1324324	1.59664009
14.1405405	1.63091287
14.1486486	1.66559628
14.1567568	1.70068821
14.1648649	1.73618641
14.172973	1.77208852
14.1810811	1.808392
14.1891892	1.84509422
14.1972973	1.88219239
14.2054054	1.91968359
14.2135135	1.95756477
14.2216216	1.99583274
14.2297297	2.0344842
14.2378378	2.07351568
14.2459459	2.11292362
14.2540541	2.1527043
14.2621622	2.19285389
14.2702703	2.23336842
14.2783784	2.2742438
14.2864865	2.31547581
14.2945946	2.35706012
14.3027027	2.39899224
14.3108108	2.4412676
14.3189189	2.48388149
14.327027	2.52682908
14.3351351	2.57010542
14.3432432	2.61370544
14.3513514	2.65762397
14.3594595	2.70185571
14.3675676	2.74639526
14.3756757	2.79123711
14.3837838	2.83637562
14.3918919	2.88180507
14.4	2.92751962
14.4081081	2.97351332
14.4162162	3.01978015
14.4243243	3.06631394
14.4324324	3.11310847
14.4405405	3.16015739
14.4486486	3.20745428
14.4567568	3.25499262
14.4648649	3.30276578
14.472973	3.35076708
14.4810811	3.39898972
14.4891892	3.44742684
14.4972973	3.49607148
14.5054054	3.54491661
14.5135135	3.59395514
14.5216216	3.64317987
14.5297297	3.69258356
14.5378378	3.74215887
14.5459459	3.79189842
14.5540541	3.84179474
14.5621622	3.89184033
14.5702703	3.94202759
14.5783784	3.99234889
14.5864865	4.04279653
14.5945946	4.09336276
14.6027027	4.14403979
14.6108108	4.19481975
14.6189189	4.24569476
14.627027	4.29665688
14.6351351	4.34769811
14.6432432	4.39881046
14.6513514	4.44998585
14.6594595	4.5012162
14.6675676	4.55249337
14.6756757	4.60380923
14.6837838	4.65515559
14.6918919	4.70652425
14.7	4.75790698
14.7081081	4.80929554
14.7162162	4.86068166
14.7243243	4.91205707
14.7324324	4.96341347
14.7405405	5.01474257
14.7486486	5.06603606
14.7567568	5.11728563
14.7648649	5.16848295
14.772973	5.21961972
14.7810811	5.27068762
14.7891892	5.32167833
14.7972973	5.37258355
14.8054054	5.42339499
14.8135135	5.47410435
14.8216216	5.52470337
14.8297297	5.57518378
14.8378378	5.62553735
14.8459459	5.67575584
14.8540541	5.72583106
14.8621622	5.77575484
14.8702703	5.82551901
14.8783784	5.87511545
14.8864865	5.92453607
14.8945946	5.9737728
14.9027027	6.02281761
14.9108108	6.0716625
14.9189189	6.12029952
14.927027	6.16872074
14.9351351	6.21691829
14.9432432	6.26488432
14.9513514	6.31261104
14.9594595	6.36009071
14.9675676	6.40731563
14.9756757	6.45427814
14.9837838	6.50097064
14.9918919	6.54738559
15	6.59351549
15.0081081	6.63935291
15.0162162	6.68489045
15.0243243	6.7301208
15.0324324	6.7750367
15.0405405	6.81963094
15.0486486	6.86389637
15.0567568	6.90782593
15.0648649	6.9514126
15.072973	6.99464943
15.0810811	7.03752955
15.0891892	7.08004613
15.0972973	7.12219245
15.1054054	7.16396183
15.1135135	7.20534768
15.1216216	7.24634345
15.1297297	7.28694271
15.1378378	7.32713907
15.1459459	7.36692623
15.1540541	7.40629796
15.1621622	7.44524812
15.1702703	7.48377063
15.1783784	7.52185949
15.1864865	7.5595088
15.1945946	7.59671273
15.2027027	7.63346551
15.2108108	7.66976147
15.2189189	7.70559504
15.227027	7.7409607
15.2351351	7.77585302
15.2432432	7.81026668
15.2513514	7.84419642
15.2594595	7.87763705
15.2675676	7.91058352
15.2756757	7.9430308
15.2837838	7.97497399
15.2918919	8.00640827
15.3	8.03732889
15.3081081	8.0677312
15.3162162	8.09761064
15.3243243	8.12696273
15.3324324	8.15578309
15.3405405	8.18406741
15.3486486	8.21181147
15.3567568	8.23901117
15.3648649	8.26566247
15.372973	8.29176141
15.3810811	8.31730415
15.3891892	8.34228692
15.3972973	8.36670604
15.4054054	8.39055794
15.4135135	8.4138391
15.4216216	8.43654613
15.4297297	8.45867571
15.4378378	8.48022461
15.4459459	8.50118971
15.4540541	8.52156794
15.4621622	8.54135636
15.4702703	8.5605521
15.4783784	8.5791524
15.4864865	8.59715455
15.4945946	8.61455597
15.5027027	8.63135416
15.5108108	8.6475467
15.5189189	8.66313126
15.527027	8.67810563
15.5351351	8.69246764
15.5432432	8.70621526
15.5513514	8.71934652
15.5594595	8.73185954
15.5675676	8.74375255
15.5756757	8.75502385
15.5837838	8.76567185
15.5918919	8.77569502
15.6	8.78509196
15.6081081	8.79386132
15.6162162	8.80200187
15.6243243	8.80951245
15.6324324	8.81639201
15.6405405	8.82263957
15.6486486	8.82825425
15.6567568	8.83323526
15.6648649	8.83758189
15.672973	8.84129353
15.6810811	8.84436966
15.6891892	8.84680985
15.6972973	8.84861375
15.7054054	8.8497811
15.7135135	8.85031175
15.7216216	8.85020562
15.7297297	8.84946272
15.7378378	8.84808316
15.7459459	8.84606713
15.7540541	8.84341492
15.7621622	8.8401269
15.7702703	8.83620354
15.7783784	8.83164537
15.7864865	8.82645306
15.7945946	8.82062733
15.8027027	8.814169
15.8108108	8.80707899
15.8189189	8.79935829
15.827027	8.79100801
15.8351351	8.78202931
15.8432432	8.77242348
15.8513514	8.76219187
15.8594595	8.75133593
15.8675676	8.73985721
15.8756757	8.72775734
15.8837838	8.71503803
15.8918919	8.70170111
15.9	8.68774847
15.9081081	8.67318211
15.9162162	8.6580041
15.9243243	8.64221662
15.9324324	8.62582194
15.9405405	8.6088224
15.9486486	8.59122045
15.9567568	8.57301863
15.9648649	8.55421955
15.972973	8.53482593
15.9810811	8.51484059
15.9891892	8.4942664
15.9972973	8.47310636
16.0054054	8.45136355
16.0135135	8.42904112
16.0216216	8.40614234
16.0297297	8.38267055
16.0378378	8.35862919
16.0459459	8.33402178
16.0540541	8.30885194
16.0621622	8.28312337
16.0702703	8.25683988
16.0783784	8.23000534
16.0864865	8.20262374
16.0945946	8.17469912
16.1027027	8.14623565
16.1108108	8.11723757
16.1189189	8.0877092
16.127027	8.05765497
16.1351351	8.02707938
16.1432432	7.99598701
16.1513514	7.96438257
16.1594595	7.93227081
16.1675676	7.89965658
16.1756757	7.86654483
16.1837838	7.8329406
16.1918919	7.79884897
16.2	7.76427517
16.2081081	7.72922447
