# t_us	I_over_time_mean_weighted
0	4.63841993
0.0162216234	4.63773181
0.0324432468	4.63566776
0.0486648703	4.63222868
0.0648864937	4.62741608
0.0811081171	4.62123205
0.0973297405	4.61367932
0.113551364	4.60476121
0.129772987	4.59448169
0.145994611	4.58284531
0.162216234	4.56985729
0.178437858	4.55552348
0.194659481	4.53985038
0.210881105	4.52284515
0.227102728	4.50451561
0.243324351	4.48487029
0.259545975	4.46391838
0.275767598	4.44166981
0.291989222	4.41813519
0.308210845	4.39332588
0.324432468	4.36725399
0.340654092	4.33993237
0.356875715	4.31137463
0.373097339	4.28159518
0.389318962	4.2506092
0.405540586	4.21843269
0.421762209	4.18508245
0.437983832	4.15057611
0.454205456	4.11493212
0.470427079	4.07816978
0.486648703	4.04030923
0.502870326	4.00137148
0.51909195	3.96137838
0.535313573	3.92035265
0.551535196	3.87831788
0.56775682	3.83529851
0.583978443	3.79131986
0.600200067	3.7464081
0.61642169	3.70059028
0.632643314	3.65389427
0.648864937	3.60634881
0.66508656	3.55798345
0.681308184	3.50882859
0.697529807	3.45891542
0.713751431	3.40827591
0.729973054	3.35694282
0.746194678	3.30494967
0.762416301	3.25233067
0.778637924	3.19912078
0.794859548	3.14535561
0.811081171	3.09107142
0.827302795	3.03630509
0.843524418	2.98109407
0.859746041	2.92547637
0.875967665	2.8694905
0.892189288	2.81317544
0.908410912	2.75657057
0.924632535	2.6997157
0.940854159	2.64265092
0.957075782	2.58541664
0.973297405	2.5280535
0.989519029	2.47060232
1.00574065	2.41310406
1.02196228	2.35559975
1.0381839	2.29813045
1.05440552	2.24073719
1.07062715	2.1834609
1.08684877	2.12634238
1.10307039	2.06942221
1.11929202	2.01274071
1.13551364	1.95633786
1.15173526	1.90025328
1.16795689	1.84452613
1.18417851	1.78919505
1.20040013	1.73429815
1.21662176	1.67987287
1.23284338	1.62595601
1.249065	1.57258359
1.26528663	1.51979085
1.28150825	1.46761217
1.29772987	1.41608103
1.3139515	1.36522991
1.33017312	1.31509031
1.34639474	1.26569265
1.36261637	1.21706622
1.37883799	1.16923915
1.39505961	1.12223838
1.41128124	1.07608958
1.42750286	1.03081712
1.44372448	0.986444081
1.45994611	0.942992133
1.47616773	0.900481576
1.49238936	0.858931275
1.50861098	0.818358647
1.5248326	0.778779627
1.54105423	0.740208658
1.55727585	0.702658665
1.57349747	0.666141046
1.5897191	0.630665661
1.60594072	0.596240819
1.62216234	0.56287328
1.63838397	0.530568251
1.65460559	0.499329389
1.67082721	0.469158805
1.68704884	0.440057078
1.70327046	0.412023261
1.71949208	0.385054901
1.73571371	0.359148057
1.75193533	0.334297322
1.76815695	0.310495847
1.78437858	0.287735373
1.8006002	0.266006259
1.81682182	0.245297519
1.83304345	0.225596857
1.84926507	0.206890707
1.86548669	0.18916428
1.88170832	0.172401603
1.89792994	0.156585568
1.91415156	0.141697986
1.93037319	0.127719634
1.94659481	0.114630311
1.96281643	0.102408891
1.97903806	0.0910333861
1.99525968	0.0804809974
2.0114813	0.0707281808
2.02770293	0.061750706
2.04392455	0.0535237187
2.06014617	0.0460218038
2.0763678	0.0392190488
2.09258942	0.033089108
2.10881105	0.0276052664
2.12503267	0.0227405045
2.14125429	0.0184675625
2.15747592	0.014759004
2.17369754	0.01158728
2.18991916	0.00892479149
2.20614079	0.00674395202
2.22236241	0.00501724869
2.23858403	0.00371730237
2.25480566	0.00281692654
2.27102728	0.0022891848
2.2872489	0.00210744667
2.30347053	0.0022454418
2.31969215	0.00267731225
2.33591377	0.00337766286
2.3521354	0.00432160944
2.36835702	0.00548482483
2.38457864	0.00684358255
2.40080027	0.00837479808
2.41702189	0.0100560676
2.43324351	0.0118657043
2.44946514	0.0137827715
2.46568676	0.0157871138
2.48190838	0.0178593848
2.49813001	0.0199810724
2.51435163	0.0221345208
2.53057325	0.02430295
2.54679488	0.0264704725
2.5630165	0.0286221064
2.57923812	0.030743786
2.59545975	0.0328223699
2.61168137	0.0348456454
2.62790299	0.0368023306
2.64412462	0.0386820733
2.66034624	0.0404754478
2.67656786	0.0421739478
2.69278949	0.0437699781
2.70901111	0.0452568423
2.72523274	0.0466287293
2.74145436	0.0478806962
2.75767598	0.0490086496
2.77389761	0.0500093249
2.79011923	0.0508802623
2.80634085	0.0516197824
2.82256248	0.0522269587
2.8387841	0.0527015888
2.85500572	0.0530441638
2.87122735	0.0532558368
2.88744897	0.0533383891
2.90367059	0.0532941959
2.91989222	0.0531261906
2.93611384	0.0528378282
2.95233546	0.0524330483
2.96855709	0.0519162366
2.98477871	0.0512921866
3.00100033	0.0505660611
3.01722196	0.0497433526
3.03344358	0.0488298448
3.0496652	0.0478315731
3.06588683	0.046754786
3.08210845	0.0456059068
3.09833007	0.0443914955
3.1145517	0.0431182115
3.13077332	0.0417927773
3.14699494	0.0404219426
3.16321657	0.0390124499
3.17943819	0.0375710006
3.19565981	0.0361042231
3.21188144	0.0346186419
3.22810306	0.0331206473
3.24432468	0.0316164684
3.26054631	0.030112146
3.27676793	0.028613508
3.29298956	0.0271261464
3.30921118	0.0256553961
3.3254328	0.0242063155
3.34165443	0.0227836694
3.35787605	0.0213919128
3.37409767	0.0200351781
3.3903193	0.0187172629
3.40654092	0.0174416213
3.42276254	0.0162113555
3.43898417	0.0150292109
3.45520579	0.0138975727
3.47142741	0.0128184638
3.48764904	0.0117935461
3.50387066	0.0108241221
3.52009228	0.00991113991
3.53631391	0.00905519911
3.55253553	0.00825655869
3.56875715	0.00751514687
3.58497878	0.00683057243
3.6012004	0.00620213771
3.61742202	0.00562885313
3.63364365	0.00510945313
3.64986527	0.00464241349
3.66608689	0.00422596989
3.68230852	0.00385813762
3.69853014	0.00353673244
3.71475176	0.00325939226
3.73097339	0.00302359982
3.74719501	0.002826706
3.76341663	0.00266595381
3.77963826	0.00253850292
3.79585988	0.00244145453
3.8120815	0.0023718766
3.82830313	0.00232682919
3.84452475	0.00230338989
3.86074637	0.0022986792
3.876968	0.00230988569
3.89318962	0.00233429091
3.90941125	0.00236929389
3.92563287	0.00241243514
3.94185449	0.00246142004
3.95807612	0.00251414147
3.97429774	0.00256870166
3.99051936	0.00262343316
4.00674099	0.00267691871
4.02296261	0.00272801009
4.03918423	0.00277584578
4.05540586	0.00281986735
4.07162748	0.00285983453
4.0878491	0.0028958389
4.10407073	0.00292831608
4.12029235	0.00295805648
4.13651397	0.00298621443
4.1527356	0.00301431573
4.16895722	0.00304426358
4.18517884	0.00307834283
4.20140047	0.00311922252
4.21762209	0.00316995675
4.23384371	0.00323398383
4.25006534	0.00331512371
4.26628696	0.00341757368
4.28250858	0.00354590238
4.29873021	0.00370504218
4.31495183	0.00390027984
4.33117345	0.00413724554
4.34739508	0.00442190041
4.3636167	0.0047605224
4.37983832	0.00515969073
4.39605995	0.00562626892
4.41228157	0.00616738637
4.42850319	0.00679041867
4.44472482	0.00750296669
4.46094644	0.0083128345
4.47716807	0.00922800614
4.49338969	0.0102566215
4.50961131	0.0114069513
4.52583294	0.0126873709
4.54205456	0.0141063342
4.55827618	0.0156723458
4.57449781	0.0173939338
4.59071943	0.0192796212
4.60694105	0.0213378975
4.62316268	0.0235771902
4.6393843	0.0260058356
4.65560592	0.0286320504
4.67182755	0.0314639024
4.68804917	0.0345092828
4.70427079	0.0377758771
4.72049242	0.0412711381
4.73671404	0.0450022582
4.75293566	0.0489761427
4.76915729	0.0531993842
4.78537891	0.0576782374
4.80160053	0.0624185946
4.81782216	0.067425963
4.83404378	0.0727054419
4.8502654	0.0782617024
4.86648703	0.0840989671
4.88270865	0.0902209922
4.89893027	0.0966310498
4.9151519	0.103331913
4.93137352	0.110325841
4.94759514	0.117614566
4.96381677	0.125199285
4.98003839	0.133080647
4.99626001	0.141258748
5.01248164	0.149733121
5.02870326	0.158502737
5.04492488	0.167565999
5.06114651	0.176920742
5.07736813	0.186564232
5.09358976	0.196493172
5.10981138	0.206703706
5.126033	0.21719142
5.14225463	0.227951357
5.15847625	0.23897802
5.17469787	0.250265387
5.1909195	0.261806924
5.20714112	0.273595593
5.22336274	0.285623878
5.23958437	0.297883791
5.25580599	0.310366898
5.27202761	0.323064338
5.28824924	0.335966839
5.30447086	0.349064746
5.32069248	0.36234804
5.33691411	0.375806366
5.35313573	0.389429056
5.36935735	0.403205154
5.38557898	0.417123445
5.4018006	0.431172483
5.41802222	0.445340615
5.43424385	0.459616013
5.45046547	0.473986705
5.46668709	0.488440598
5.48290872	0.50296551
5.49913034	0.517549204
5.51535196	0.53217941
5.53157359	0.546843859
5.54779521	0.561530311
5.56401683	0.576226584
5.58023846	0.590920581
5.59646008	0.605600321
5.6126817	0.620253963
5.62890333	0.634869836
5.64512495	0.649436462
5.66134657	0.663942582
5.6775682	0.678377183
5.69378982	0.692729518
5.71001145	0.706989128
5.72623307	0.721145867
5.74245469	0.735189918
5.75867632	0.749111817
5.77489794	0.762902462
5.79111956	0.776553138
5.80734119	0.790055529
5.82356281	0.803401728
5.83978443	0.816584256
5.85600606	0.829596065
5.87222768	0.842430555
5.8884493	0.855081575
5.90467093	0.867543433
5.92089255	0.879810903
5.93711417	0.891879222
5.9533358	0.903744097
5.96955742	0.915401705
5.98577904	0.926848689
6.00200067	0.93808216
6.01822229	0.94909969
6.03444391	0.959899307
6.05066554	0.97047949
6.06688716	0.980839162
6.08310878	0.990977679
6.09933041	1.00089482
6.11555203	1.01059078
6.13177365	1.02006615
6.14799528	1.0293219
6.1642169	1.0383594
6.18043852	1.04718035
6.19666015	1.05578681
6.21288177	1.06418115
6.22910339	1.07236606
6.24532502	1.08034451
6.26154664	1.08811975
6.27776827	1.09569529
6.29398989	1.10307486
6.31021151	1.1102624
6.32643314	1.11726207
6.34265476	1.12407818
6.35887638	1.1307152
6.37509801	1.13717774
6.39131963	1.14347053
6.40754125	1.14959839
6.42376288	1.15556621
6.4399845	1.16137895
6.45620612	1.1670416
6.47242775	1.17255918
6.48864937	1.1779367
6.50487099	1.18317917
6.52109262	1.18829155
6.53731424	1.19327877
6.55353586	1.19814568
6.56975749	1.20289709
6.58597911	1.20753767
6.60220073	1.21207203
6.61842236	1.21650463
6.63464398	1.22083983
6.6508656	1.22508184
6.66708723	1.22923472
6.68330885	1.23330238
6.69953047	1.23728858
6.7157521	1.24119689
6.73197372	1.24503073
6.74819534	1.2487933
6.76441697	1.25248768
6.78063859	1.2561167
6.79686021	1.25968304
6.81308184	1.2631892
6.82930346	1.26663746
6.84552508	1.27002994
6.86174671	1.27336857
6.87796833	1.27665508
6.89418996	1.27989103
6.91041158	1.28307783
6.9266332	1.28621668
6.94285483	1.28930863
6.95907645	1.29235459
6.97529807	1.29535529
6.9915197	1.29831132
7.00774132	1.30122316
7.02396294	1.30409111
7.04018457	1.3069154
7.05640619	1.3096961
7.07262781	1.31243322
7.08884944	1.31512665
7.10507106	1.31777619
7.12129268	1.32038158
7.13751431	1.32294249
7.15373593	1.32545852
7.16995755	1.32792923
7.18617918	1.33035414
7.2024008	1.33273275
7.21862242	1.33506453
7.23484405	1.33734893
7.25106567	1.33958542
7.26728729	1.34177345
7.28350892	1.3439125
7.29973054	1.34600206
7.31595216	1.34804165
7.33217379	1.35003082
7.34839541	1.35196916
7.36461703	1.35385632
7.38083866	1.35569197
7.39706028	1.35747586
7.4132819	1.35920778
7.42950353	1.36088761
7.44572515	1.36251525
7.46194678	1.36409072
7.4781684	1.36561405
7.49439002	1.36708539
7.51061165	1.36850494
7.52683327	1.36987295
7.54305489	1.37118977
7.55927652	1.37245581
7.57549814	1.37367154
7.59171976	1.37483749
7.60794139	1.37595426
7.62416301	1.37702251
7.64038463	1.37804295
7.65660626	1.37901634
7.67282788	1.37994349
7.6890495	1.38082526
7.70527113	1.38166253
7.72149275	1.38245622
7.73771437	1.38320729
7.753936	1.38391669
7.77015762	1.38458542
7.78637924	1.38521447
7.80260087	1.38580483
7.81882249	1.38635751
7.83504411	1.38687348
7.85126574	1.38735372
7.86748736	1.38779918
7.88370898	1.3882108
7.89993061	1.38858945
7.91615223	1.38893601
7.93237385	1.38925129
7.94859548	1.38953605
7.9648171	1.38979102
7.98103872	1.39001686
7.99726035	1.39021417
8.01348197	1.39038348
8.02970359	1.39052527
8.04592522	1.39063994
8.06214684	1.39072782
8.07836847	1.39078917
8.09459009	1.39082416
8.11081171	1.3908329
8.12703334	1.39081542
8.14325496	1.39077166
8.15947658	1.39070149
8.17569821	1.39060471
8.19191983	1.39048104
8.20814145	1.39033012
8.22436308	1.39015153
8.2405847	1.38994478
8.25680632	1.3897093
8.27302795	1.38944448
8.28924957	1.38914962
8.30547119	1.38882401
8.32169282	1.38846684
8.33791444	1.3880773
8.35413606	1.3876545
8.37035769	1.38719755
8.38657931	1.38670551
8.40280093	1.38617741
8.41902256	1.38561228
8.43524418	1.38500913
8.4514658	1.38436697
8.46768743	1.38368479
8.48390905	1.38296161
8.50013067	1.38219644
8.5163523	1.38138833
8.53257392	1.38053633
8.54879554	1.37963953
8.56501717	1.37869705
8.58123879	1.37770807
8.59746041	1.37667177
8.61368204	1.37558742
8.62990366	1.37445433
8.64612529	1.37327185
8.66234691	1.37203941
8.67856853	1.3707565
8.69479016	1.36942265
8.71101178	1.36803749
8.7272334	1.36660071
8.74345503	1.36511206
8.75967665	1.36357136
8.77589827	1.36197851
8.7921199	1.36033346
8.80834152	1.35863626
8.82456314	1.35688699
8.84078477	1.35508582
8.85700639	1.35323297
8.87322801	1.35132872
8.88944964	1.34937339
8.90567126	1.34736737
8.92189288	1.34531107
8.93811451	1.34320496
8.95433613	1.34104953
8.97055775	1.33884528
8.98677938	1.33659276
9.003001	1.33429251
9.01922262	1.33194506
9.03544425	1.32955095
9.05166587	1.32711072
9.06788749	1.32462485
9.08410912	1.32209382
9.10033074	1.31951805
9.11655236	1.3168979
9.13277399	1.31423371
9.14899561	1.3115257
9.16521723	1.30877404
9.18143886	1.30597881
9.19766048	1.30313999
9.2138821	1.30025743
9.23010373	1.29733091
9.24632535	1.29436004
9.26254698	1.29134433
9.2787686	1.28828313
9.29499022	1.28517565
9.31121185	1.28202095
9.32743347	1.27881791
9.34365509	1.27556526
9.35987672	1.27226157
9.37609834	1.26890519
9.39231996	1.26549434
9.40854159	1.26202702
9.42476321	1.25850107
9.44098483	1.25491412
9.45720646	1.25126362
9.47342808	1.24754684
9.4896497	1.24376085
9.50587133	1.23990256
9.52209295	1.23596868
9.53831457	1.23195573
9.5545362	1.22786008
9.57075782	1.22367794
9.58697944	1.21940533
9.60320107	1.21503813
9.61942269	1.2105721
9.63564431	1.20600284
9.65186594	1.20132583
9.66808756	1.19653645
9.68430918	1.19162996
9.70053081	1.18660157
9.71675243	1.18144638
9.73297405	1.17615945
9.74919568	1.1707358
9.7654173	1.16517042
9.78163892	1.1594583
9.79786055	1.15359441
9.81408217	1.14757379
9.83030379	1.1413915
9.84652542	1.13504266
9.86274704	1.12852247
9.87896867	1.12182626
9.89519029	1.11494946
9.91141191	1.10788764
9.92763354	1.10063654
9.94385516	1.09319208
9.96007678	1.08555037
9.97629841	1.07770777
9.99252003	1.06966084
10.0087417	1.06140644
10.0249633	1.05294168
10.0411849	1.04426398
10.0574065	1.03537105
10.0736281	1.02626098
10.0898498	1.01693215
10.1060714	1.00738334
10.122293	0.9976137
10.1385146	0.987622769
10.1547363	0.977410488
10.1709579	0.966977219
10.1871795	0.95632375
10.2034011	0.945451304
10.2196228	0.934361553
10.2358444	0.923056618
10.252066	0.911539082
10.2682876	0.899811989
10.2845093	0.887878851
10.3007309	0.875743649
10.3169525	0.863410831
10.3331741	0.850885314
10.3493957	0.838172483
10.3656174	0.825278181
10.381839	0.81220871
10.3980606	0.79897082
10.4142822	0.785571705
10.4305039	0.772018987
10.4467255	0.75832071
10.4629471	0.744485326
10.4791687	0.73052168
10.4953904	0.716438997
10.511612	0.70224686
10.5278336	0.687955199
10.5440552	0.673574265
10.5602768	0.659114617
10.5764985	0.644587092
10.5927201	0.630002788
10.6089417	0.61537304
10.6251633	0.600709392
10.641385	0.586023577
10.6576066	0.571327484
10.6738282	0.556633136
10.6900498	0.541952661
10.7062715	0.527298264
10.7224931	0.512682199
10.7387147	0.498116736
10.7549363	0.483614139
10.771158	0.469186631
10.7873796	0.454846365
10.8036012	0.440605398
10.8198228	0.426475658
10.8360444	0.412468918
10.8522661	0.398596763
10.8684877	0.384870567
10.8847093	0.371301462
10.9009309	0.357900309
10.9171526	0.344677676
10.9333742	0.331643809
10.9495958	0.318808608
10.9658174	0.306181602
10.9820391	0.293771928
10.9982607	0.281588309
11.0144823	0.269639032
11.0307039	0.257931928
11.0469256	0.246474358
11.0631472	0.23527319
11.0793688	0.224334793
11.0955904	0.213665013
11.111812	0.203269168
11.1280337	0.193152036
11.1442553	0.183317844
11.1604769	0.173770264
11.1766985	0.164512406
11.1929202	0.155546814
11.2091418	0.146875463
11.2253634	0.13849976
11.241585	0.130420549
11.2578067	0.122638106
11.2740283	0.11515215
11.2902499	0.107961851
11.3064715	0.10106583
11.3226931	0.0944621788
11.3389148	0.088148465
11.3551364	0.0821217479
11.371358	0.0763785919
11.3875796	0.0709150837
11.4038013	0.0657268489
11.4200229	0.0608090714
11.4362445	0.0561565136
11.4524661	0.0517635374
11.4686878	0.047624127
11.4849094	0.0437319125
11.501131	0.0400801941
11.5173526	0.0366619679
11.5335743	0.0334699517
11.5497959	0.0304966121
11.5660175	0.0277341919
11.5822391	0.025174738
11.5984607	0.0228101296
11.6146824	0.0206321071
11.630904	0.0186323004
11.6471256	0.0168022584
11.6633472	0.015133477
11.6795689	0.0136174284
11.6957905	0.0122455894
11.7120121	0.0110094691
11.7282337	0.00990063674
11.7444554	0.00891074897
11.760677	0.00803157585
11.7768986	0.00725502669
11.7931202	0.00657317479
11.8093419	0.0059782813
11.8255635	0.00546281805
11.8417851	0.00501948923
11.8580067	0.00464125195
11.8742283	0.00432133549
11.89045	0.00405325922
11.9066716	0.00383084914
11.9228932	0.00364825296
11.9391148	0.00349995365
11.9553365	0.00338078145
11.9715581	0.00328592428
11.9877797	0.0032109365
12.0040013	0.00315174603
12.020223	0.00310465975
12.0364446	0.0030663672
12.0526662	0.00303394264
12.0688878	0.00300484526
12.0851095	0.00297691781
12.1013311	0.00294838343
12.1175527	0.00291784088
12.1337743	0.00288425807
12.1499959	0.00284696394
12.1662176	0.00280563881
12.1824392	0.00276030317
12.1986608	0.00271130491
12.2148824	0.00265930524
12.2311041	0.00260526314
12.2473257	0.00255041852
12.2635473	0.00249627418
12.2797689	0.00244457662
12.2959906	0.00239729576
12.3122122	0.00235660369
12.3284338	0.00232485254
12.3446554	0.00230455161
12.360877	0.0022983437
12.3770987	0.002308981
12.3933203	0.00233930041
12.4095419	0.00239219856
12.4257635	0.00247060652
12.4419852	0.00257746442
12.4582068	0.00271569602
12.4744284	0.00288818344
12.49065	0.00309774196
12.5068717	0.00334709532
12.5230933	0.00363885133
12.5393149	0.00397547808
12.5555365	0.00435928084
12.5717582	0.00479237974
12.5879798	0.00527668825
12.6042014	0.00581389282
12.620423	0.00640543345
12.6366446	0.00705248556
12.6528663	0.00775594313
12.6690879	0.0085164032
12.6853095	0.00933415188
12.7015311	0.0102091519
12.7177528	0.0111410317
12.7339744	0.0121290763
12.750196	0.0131722202
12.7664176	0.0142690413
12.7826393	0.0154177576
12.7988609	0.0166162254
12.8150825	0.0178619393
12.8313041	0.0191520343
12.8475258	0.0204832902
12.8637474	0.0218521376
12.879969	0.0232546661
12.8961906	0.0246866343
12.9124122	0.0261434823
12.9286339	0.0276203458
12.9448555	0.0291120721
12.9610771	0.0306132384
12.9772987	0.0321181715
12.9935204	0.03362097
13.009742	0.0351155274
13.0259636	0.036595558
13.0421852	0.0380546234
13.0584069	0.0394861612
13.0746285	0.0408835153
13.0908501	0.0422399667
13.1070717	0.0435487668
13.1232934	0.0448031712
13.139515	0.0459964743
13.1557366	0.0471220457
13.1719582	0.0481733668
13.1881798	0.0491440684
13.2044015	0.0500279687
13.2206231	0.0508191119
13.2368447	0.0515118071
13.2530663	0.0521006672
13.269288	0.0525806483
13.2855096	0.0529470884
13.3017312	0.0531957463
13.3179528	0.0533228398
13.3341745	0.0533250836
13.3503961	0.0531997264
13.3666177	0.052944587
13.3828393	0.0525580897
13.3990609	0.0520392986
13.4152826	0.05138795
13.4315042	0.0506044846
13.4477258	0.0496900766
13.4639474	0.0486466627
13.4801691	0.0474769683
13.4963907	0.0461845317
13.5126123	0.0447737272
13.5288339	0.0432497852
13.5450556	0.0416188102
13.5612772	0.0398877967
13.5774988	0.0380646424
13.5937204	0.0361581592
13.6099421	0.0341780812
13.6261637	0.0321350701
13.6423853	0.030040718
13.6586069	0.0279075477
13.6748285	0.0257490094
13.6910502	0.023579475
13.7072718	0.0214142297
13.7234934	0.0192694602
13.739715	0.0171622403
13.7559367	0.0151105136
13.7721583	0.0131330729
13.7883799	0.0112495372
13.8046015	0.00948032562
13.8208232	0.00784662829
13.8370448	0.006370375
13.8532664	0.00507420059
13.869488	0.00398140799
13.8857097	0.00311592862
13.9019313	0.00250228028
13.9181529	0.00216552272
13.9343745	0.00213121082
13.9505961	0.00242534568
13.9668178	0.0030743236
13.9830394	0.00410488314
13.999261	0.00554405037
14.0154826	0.00741908246
14.0317043	0.00975740973
14.0479259	0.0125865764
14.0641475	0.0159341798
14.0803691	0.0198278094
14.0965908	0.0242949836
14.1128124	0.0293630871
14.129034	0.0350593066
14.1452556	0.0414105674
14.1614772	0.0484434685
14.1776989	0.0561842183
14.1939205	0.0646585706
14.2101421	0.0738917606
14.2263637	0.0839084415
14.2425854	0.0947326221
14.258807	0.106387604
14.2750286	0.118895923
14.2912502	0.132279287
14.3074719	0.146558518
14.3236935	0.161753498
14.3399151	0.177883112
14.3561367	0.194965193
14.3723584	0.213016477
14.38858	0.232052547
14.4048016	0.25208779
14.4210232	0.273135352
14.4372448	0.295207098
14.4534665	0.318313568
14.4696881	0.342463948
14.4859097	0.36766603
14.5021313	0.393926183
14.518353	0.421249331
14.5345746	0.449638919
14.5507962	0.479096902
14.5670178	0.509623718
14.5832395	0.541218279
14.5994611	0.573877961
14.6156827	0.60759859
14.6319043	0.642374441
14.648126	0.678198237
14.6643476	0.715061152
14.6805692	0.752952813
14.6967908	0.79186131
14.7130124	0.831773212
14.7292341	0.872673575
14.7454557	0.914545968
14.7616773	0.95737249
14.7778989	1.00113379
14.7941206	1.04580912
14.8103422	1.09137631
14.8265638	1.13781188
14.8427854	1.185091
14.8590071	1.23318757
14.8752287	1.28207427
14.8914503	1.33172256
14.9076719	1.38210276
14.9238936	1.4331841
14.9401152	1.48493475
14.9563368	1.53732188
14.9725584	1.59031171
14.98878	1.64386956
15.0050017	1.69795994
15.0212233	1.75254655
15.0374449	1.80759237
15.0536665	1.86305973
15.0698882	1.91891035
15.0861098	1.97510539
15.1023314	2.03160555
15.118553	2.08837107
15.1347747	2.14536185
15.1509963	2.20253748
15.1672179	2.2598573
15.1834395	2.31728046
15.1996611	2.37476599
15.2158828	2.43227285
15.2321044	2.48975997
15.248326	2.54718635
15.2645476	2.60451106
15.2807693	2.66169335
15.2969909	2.71869263
15.3132125	2.77546861
15.3294341	2.83198128
15.3456558	2.88819097
15.3618774	2.94405843
15.378099	2.99954482
15.3943206	3.0546118
15.4105423	3.10922156
15.4267639	3.16333681
15.4429855	3.21692088
15.4592071	3.26993773
15.4754287	3.32235196
15.4916504	3.37412886
15.507872	3.42523444
15.5240936	3.47563544
15.5403152	3.52529936
15.5565369	3.57419448
15.5727585	3.62228987
15.5889801	3.66955542
15.6052017	3.71596185
15.6214234	3.76148071
15.637645	3.80608439
15.6538666	3.84974615
15.6700882	3.89244009
15.6863099	3.93414119
15.7025315	3.97482529
15.7187531	4.01446909
15.7349747	4.05305016
15.7511963	4.09054693
15.767418	4.12693868
15.7836396	4.16220556
15.7998612	4.19632854
15.8160828	4.22928946
15.8323045	4.26107095
15.8485261	4.29165649
15.8647477	4.32103035
15.8809693	4.34917761
15.897191	4.37608413
15.9134126	4.40173655
15.9296342	4.42612227
15.9458558	4.44922943
15.9620774	4.47104693
15.9782991	4.49156438
15.9945207	4.51077209
16.0107423	4.5286611
16.0269639	4.54522313
16.0431856	4.56045056
16.0594072	4.57433647
16.0756288	4.58687455
16.0918504	4.5980592
16.1080721	4.60788539
16.1242937	4.61634878
16.1405153	4.62344562
16.1567369	4.62917278
16.1729586	4.63352775
16.1891802	4.63650862
16.2054018	4.63811409
16.2216234	4.63834347
16.237845	4.63719665
16.2540667	4.63467412
16.2702883	4.630777
16.2865099	4.62550699
16.3027315	4.6188664
16.3189532	4.61085814
16.3351748	4.60148576
16.3513964	4.59075341
16.367618	4.57866588
16.3838397	4.56522858
16.4000613	4.55044758
16.4162829	4.53432961
16.4325045	4.51688204
16.4487262	4.49811293
16.4649478	4.47803102
16.4811694	4.45664576
16.497391	4.43396728
16.5136126	4.41000647
16.5298343	4.38477492
16.5460559	4.35828499
16.5622775	4.33054977
16.5784991	4.30158316
16.5947208	4.2713998
16.6109424	4.24001517
16.627164	4.20744551
16.6433856	4.1737079
16.6596073	4.13882025
16.6758289	4.10280129
16.6920505	4.0656706
16.7082721	4.02744861
16.7244938	3.9881566
16.7407154	3.94781673
16.756937	3.90645199
16.7731586	3.86408625
16.7893802	3.82074427
16.8056019	3.77645163
16.8218235	3.73123481
16.8380451	3.68512111
16.8542667	3.63813872
16.8704884	3.59031664
16.88671	3.5416847
16.9029316	3.49227356
16.9191532	3.44211468
16.9353749	3.3912403
16.9515965	3.33968344
16.9678181	3.28747783
16.9840397	3.23465795
17.0002613	3.18125898
17.016483	3.12731674
17.0327046	3.07286771
17.0489262	3.01794896
17.0651478	2.96259813
17.0813695	2.90685341
17.0975911	2.85075345
17.1138127	2.79433739
17.1300343	2.73764475
17.146256	2.68071544
17.1624776	2.62358966
17.1786992	2.5663079
17.1949208	2.50891087
17.2111425	2.45143944
17.2273641	2.3939346
17.2435857	2.3364374
17.2598073	2.27898889
17.2760289	2.22163008
17.2922506	2.16440186
17.3084722	2.10734495
17.3246938	2.05049987
17.3409154	1.99390683
17.3571371	1.93760569
17.3733587	1.88163593
17.3895803	1.82603653
17.4058019	1.77084598
17.4220236	1.71610215
17.4382452	1.6618423
17.4544668	1.60810295
17.4706884	1.55491988
17.4869101	1.50232806
17.5031317	1.45036155
17.5193533	1.39905352
17.5355749	1.34843613
17.5517965	1.29854052
17.5680182	1.24939673
17.5842398	1.20103369
17.6004614	1.15347912
17.616683	1.10675955
17.6329047	1.06090022
17.6491263	1.01592508
17.6653479	0.971856723
17.6815695	0.928716387
17.6977912	0.88652389
17.7140128	0.845297618
17.7302344	0.805054495
17.746456	0.765809962
17.7626776	0.727577957
17.7788993	0.690370898
17.7951209	0.654199672
17.8113425	0.61907362
17.8275641	0.585000538
17.8437858	0.551986668
17.8600074	0.520036698
17.876229	0.48915377
17.8924506	0.459339483
17.9086723	0.430593906
17.9248939	0.402915588
17.9411155	0.376301578
17.9573371	0.350747442
17.9735588	0.326247291
17.9897804	0.302793803
18.006002	0.280378254
18.0222236	0.258990551
18.0384452	0.238619267
18.0546669	0.219251678
18.0708885	0.200873805
18.0871101	0.18347046
18.1033317	0.167025285
18.1195534	0.151520808
18.135775	0.136938488
18.1519966	0.12325877
18.1682182	0.110461139
18.1844399	0.0985241757
18.2006615	0.0874256137
18.2168831	0.0771424002
18.2331047	0.0676507553
18.2493264	0.0589262335
18.265548	0.0509437868
18.2817696	0.0436778271
18.2979912	0.0371022903
18.3142128	0.0311907006
18.3304345	0.0259162343
18.3466561	0.0212517846
18.3628777	0.0171700258
18.3790993	0.0136434769
18.395321	0.0106445652
18.4115426	0.0081456892
18.4277642	0.00611928006
18.4439858	0.00453786287
18.4602075	0.00337411625
18.4764291	0.00260093075
18.4926507	0.0021914658
18.5088723	0.00211920504
18.525094	0.00235800988
18.5413156	0.00288217114
18.5575372	0.00366645873
18.5737588	0.00468616915
18.5899804	0.00591717071
18.6062021	0.00733594647
18.6224237	0.00891963464
18.6386453	0.0106460665
18.6548669	0.0124938017
18.6710886	0.0144421607
18.6873102	0.0164712548
18.7035318	0.018562013
18.7197534	0.0206962064
18.7359751	0.022856469
18.7521967	0.0250263169
18.7684183	0.0271901628
18.7846399	0.0293333292
18.8008615	0.031442058
18.8170832	0.0335035168
18.8333048	0.0355058031
18.8495264	0.0374379451
18.865748	0.0392899002
18.8819697	0.0410525498
18.8981913	0.0427176925
18.9144129	0.0442780341
18.9306345	0.045727175
18.9468562	0.0470595955
18.9630778	0.048270638
18.9792994	0.0493564878
18.995521	0.0503141514
19.0117427	0.0511414319
19.0279643	0.051836904
19.0441859	0.0523998858
19.0604075	0.0528304096
19.0766291	0.0531291908
19.0928508	0.0532975956
19.1090724	0.0533376071
19.125294	0.0532517908
19.1415156	0.0530432579
19.1577373	0.0527156291
19.1739589	0.052272997
19.1901805	0.0517198875
19.2064021	0.0510612217
19.2226238	0.0503022763
19.2388454	0.0494486456
19.255067	0.0485062012
19.2712886	0.047481054
19.2875103	0.046379515
19.3037319	0.0452080572
19.3199535	0.0439732779
19.3361751	0.0426818615
19.3523967	0.0413405435
19.3686184	0.0399560749
19.38484	0.0385351884
19.4010616	0.0370845644
19.4172832	0.0356108001
19.4335049	0.0341203784
19.4497265	0.0326196391
19.4659481	0.0311147512
19.4821697	0.0296116872
19.4983914	0.0281161989
19.514613	0.0266337949
19.5308346	0.02516972
19.5470562	0.0237289365
19.5632778	0.0223161075
19.5794995	0.0209355821
19.5957211	0.019591382
19.6119427	0.0182871915
19.6281643	0.0170263479
19.644386	0.0158118353
19.6606076	0.014646279
19.6768292	0.0135319437
19.6930508	0.0124707317
19.7092725	0.0114641847
19.7254941	0.0105134867
19.7417157	0.00961946867
19.7579373	0.00878261577
19.774159	0.00800307555
19.7903806	0.00728066841
19.8066022	0.00661489945
19.8228238	0.00600497204
19.8390454	0.00544980274
19.8552671	0.00494803781
19.8714887	0.00449807085
19.8877103	0.00409806184
19.9039319	0.0037459572
19.9201536	0.00343951094
19.9363752	0.0031763067
19.9525968	0.00295378064
19.9688184	0.00276924499
19.9850401	0.00261991222
20.0012617	0.00250291975
20.0174833	0.00241535488
20.0337049	0.0023542801
20.0499266	0.00231675851
20.0661482	0.00229987918
20.0823698	0.00230078252
20.0985914	0.00231668533
20.114813	0.00234490563
20.1310347	0.00238288698
20.1472563	0.00242822228
20.1634779	0.00247867691
20.1796995	0.00253221117
20.1959212	0.00258700178
20.2121428	0.00264146253
20.2283644	0.00269426379
20.244586	0.00274435102
20.2608077	0.00279096197
20.2770293	0.00283364266
20.2932509	0.00287226198
20.3094725	0.0029070249
20.3256942	0.0029384842
20.3419158	0.00296755065
20.3581374	0.00299550165
20.374359	0.00302398823
20.3905806	0.0030550404
20.4068023	0.00309107089
20.4230239	0.00313487707
20.4392455	0.00318964131
20.4554671	0.00325892948
20.4716888	0.00334668788
20.4879104	0.00345723832
20.504132	0.00359527164
20.5203536	0.00376583945
20.5365753	0.00397434426
20.5527969	0.00422652806
20.5690185	0.0045284592
20.5852401	0.00488651788
20.6014617	0.00530738003
20.6176834	0.00579799991
20.633905	0.00636559122
20.6501266	0.00701760706
20.6663482	0.00776171852
20.6825699	0.00860579228
20.6987915	0.00955786709
20.7150131	0.0106261292
20.7312347	0.0118188873
20.7474564	0.0131445457
20.763678	0.0146115784
20.7798996	0.016228501
20.7961212	0.0180038428
20.8123429	0.019946119
20.8285645	0.0220638017
20.8447861	0.024365291
20.8610077	0.0268588866
20.8772293	0.0295527589
20.893451	0.0324549198
20.9096726	0.0355731951
20.9258942	0.0389151959
20.9421158	0.0424882911
20.9583375	0.0462995803
20.9745591	0.0503558675
20.9907807	0.0546636353
21.0070023	0.0592290204
21.023224	0.0640577891
21.0394456	0.0691553151
21.0556672	0.0745265573
21.0718888	0.0801760393
21.0881105	0.0861078304
21.1043321	0.0923255271
21.1205537	0.0988322369
21.1367753	0.105630563
21.1529969	0.11272259
21.1692186	0.120109874
21.1854402	0.127793429
21.2016618	0.135773721
21.2178834	0.144050659
21.2341051	0.152623589
21.2503267	0.161491292
21.2665483	0.170651983
21.2827699	0.180103306
21.2989916	0.189842341
21.3152132	0.199865602
21.3314348	0.210169047
21.3476564	0.220748079
21.363878	0.231597562
21.3800997	0.242711821
21.3963213	0.254084663
21.4125429	0.265709382
21.4287645	0.277578783
21.4449862	0.289685186
21.4612078	0.302020456
21.4774294	0.314576013
21.493651	0.327342856
21.5098727	0.340311584
21.5260943	0.353472416
21.5423159	0.366815221
21.5585375	0.380329536
21.5747592	0.394004592
21.5909808	0.407829346
21.6072024	0.421792502
21.623424	0.435882541
21.6396456	0.450087751
21.6558673	0.464396251
21.6720889	0.478796025
21.6883105	0.493274948
21.7045321	0.507820816
21.7207538	0.522421378
21.7369754	0.53706436
21.753197	0.551737501
21.7694186	0.566428577
21.7856403	0.58112543
21.8018619	0.595815999
21.8180835	0.610488348
21.8343051	0.625130689
21.8505268	0.639731411
21.8667484	0.654279107
21.88297	0.668762599
21.8991916	0.683170958
21.9154132	0.697493531
21.9316349	0.711719963
21.9478565	0.725840213
21.9640781	0.739844581
21.9802997	0.75372372
21.9965214	0.767468658
22.012743	0.78107081
22.0289646	0.794521995
22.0451862	0.807814447
22.0614079	0.82094083
22.0776295	0.833894244
22.0938511	0.846668237
22.1100727	0.859256813
22.1262944	0.871654433
22.142516	0.883856025
22.1587376	0.895856983
22.1749592	0.907653171
22.1911808	0.919240921
22.2074025	0.930617032
22.2236241	0.94177877
22.2398457	0.952723859
22.2560673	0.963450478
22.272289	0.973957256
22.2885106	0.98424326
22.3047322	0.994307989
22.3209538	1.00415136
22.3371755	1.0137737
22.3533971	1.02317574
22.3696187	1.03235858
22.3858403	1.04132368
22.4020619	1.05007289
22.4182836	1.05860836
22.4345052	1.06693258
22.4507268	1.07504832
22.4669484	1.08295867
22.4831701	1.09066694
22.4993917	1.09817673
22.5156133	1.10549184
22.5318349	1.11261629
22.5480566	1.11955428
22.5642782	1.12631019
22.5804998	1.13288853
22.5967214	1.13929396
22.6129431	1.14553124
22.6291647	1.1516052
22.6453863	1.15752078
22.6616079	1.16328293
22.6778295	1.16889667
22.6940512	1.174367
22.7102728	1.17969895
22.7264944	1.1848975
22.742716	1.18996762
22.7589377	1.1949142
22.7751593	1.19974209
22.7913809	1.20445604
22.8076025	1.20906071
22.8238242	1.21356065
22.8400458	1.21796031
22.8562674	1.22226399
22.872489	1.22647584
22.8887107	1.23059989
22.9049323	1.23463999
22.9211539	1.23859983
22.9373755	1.24248295
22.9535971	1.24629268
22.9698188	1.25003219
22.9860404	1.25370447
23.002262	1.25731232
23.0184836	1.26085833
23.0347053	1.26434495
23.0509269	1.26777439
23.0671485	1.27114871
23.0833701	1.27446978
23.0995918	1.27773927
23.1158134	1.2809587
23.132035	1.28412938
23.1482566	1.28725249
23.1644782	1.29032902
23.1806999	1.29335982
23.1969215	1.29634557
23.2131431	1.29928683
23.2293647	1.302184
23.2455864	1.30503738
23.261808	1.30784714
23.2780296	1.31061332
23.2942512	1.3133359
23.3104729	1.31601472
23.3266945	1.31864958
23.3429161	1.32124018
23.3591377	1.32378617
23.3753594	1.32628714
23.391581	1.32874264
23.4078026	1.33115218
23.4240242	1.33351524
23.4402458	1.33583129
23.4564675	1.33809978
23.4726891	1.34032018
23.4889107	1.34249194
23.5051323	1.34461455
23.521354	1.3466875
23.5375756	1.34871033
23.5537972	1.3506826
23.5700188	1.35260392
23.5862405	1.35447394
23.6024621	1.35629236
23.6186837	1.35805895
23.6349053	1.35977352
23.651127	1.36143596
23.6673486	1.36304621
23.6835702	1.36460428
23.6997918	1.36611027
23.7160134	1.36756432
23.7322351	1.36896665
23.7484567	1.37031756
23.7646783	1.37161741
23.7808999	1.37286662
23.7971216	1.37406569
23.8133432	1.37521518
23.8295648	1.3763157
23.8457864	1.37736793
23.8620081	1.3783726
23.8782297	1.37933049
23.8944513	1.38024241
23.9106729	1.38110925
23.9268946	1.38193189
23.9431162	1.38271127
23.9593378	1.38344834
23.9755594	1.38414407
23.991781	1.38479946
24.0080027	1.38541551
24.0242243	1.3859932
24.0404459	1.38653353
24.0566675	1.38703748
24.0728892	1.38750603
24.0891108	1.3879401
24.1053324	1.38834063
24.121554	1.3887085
24.1377757	1.38904454
24.1539973	1.38934956
24.1702189	1.38962432
24.1864405	1.38986951
24.2026621	1.39008577
24.2188838	1.39027369
24.2351054	1.39043378
24.251327	1.39056649
24.2675486	1.3906722
24.2837703	1.39075121
24.2999919	1.39080376
24.3162135	1.39082999
24.3324351	1.39082999
24.3486568	1.39080376
24.3648784	1.39075121
24.3811	1.3906722
24.3973216	1.39056649
24.4135433	1.39043378
24.4297649	1.39027369
24.4459865	1.39008577
24.4622081	1.38986951
24.4784297	1.38962432
24.4946514	1.38934956
24.510873	1.38904454
24.5270946	1.3887085
24.5433162	1.38834063
24.5595379	1.3879401
24.5757595	1.38750603
24.5919811	1.38703748
24.6082027	1.38653353
24.6244244	1.3859932
24.640646	1.38541551
24.6568676	1.38479946
24.6730892	1.38414407
24.6893109	1.38344834
24.7055325	1.38271127
24.7217541	1.38193189
24.7379757	1.38110925
24.7541973	1.38024241
24.770419	1.37933049
24.7866406	1.3783726
24.8028622	1.37736793
24.8190838	1.3763157
24.8353055	1.37521518
24.8515271	1.37406569
24.8677487	1.37286662
24.8839703	1.37161741
24.900192	1.37031756
24.9164136	1.36896665
24.9326352	1.36756432
24.9488568	1.36611027
24.9650784	1.36460428
24.9813001	1.36304621
24.9975217	1.36143596
25.0137433	1.35977352
25.0299649	1.35805895
25.0461866	1.35629236
25.0624082	1.35447394
25.0786298	1.35260392
25.0948514	1.3506826
25.1110731	1.34871033
25.1272947	1.3466875
25.1435163	1.34461455
25.1597379	1.34249194
25.1759596	1.34032018
25.1921812	1.33809978
25.2084028	1.33583129
25.2246244	1.33351524
25.240846	1.33115218
25.2570677	1.32874264
25.2732893	1.32628714
25.2895109	1.32378617
25.3057325	1.32124018
25.3219542	1.31864958
25.3381758	1.31601472
25.3543974	1.3133359
25.370619	1.31061332
25.3868407	1.30784714
25.4030623	1.30503738
25.4192839	1.302184
25.4355055	1.29928683
25.4517272	1.29634557
25.4679488	1.29335982
25.4841704	1.29032902
25.500392	1.28725249
25.5166136	1.28412938
25.5328353	1.2809587
25.5490569	1.27773927
25.5652785	1.27446978
25.5815001	1.27114871
25.5977218	1.26777439
25.6139434	1.26434495
25.630165	1.26085833
25.6463866	1.25731232
25.6626083	1.25370447
25.6788299	1.25003219
25.6950515	1.24629268
25.7112731	1.24248295
25.7274948	1.23859983
25.7437164	1.23463999
25.759938	1.23059989
25.7761596	1.22647584
25.7923812	1.22226399
25.8086029	1.21796031
25.8248245	1.21356065
25.8410461	1.20906071
25.8572677	1.20445604
25.8734894	1.19974209
25.889711	1.1949142
25.9059326	1.18996762
25.9221542	1.1848975
25.9383759	1.17969895
25.9545975	1.174367
25.9708191	1.16889667
25.9870407	1.16328293
26.0032623	1.15752078
26.019484	1.1516052
26.0357056	1.14553124
26.0519272	1.13929396
26.0681488	1.13288853
26.0843705	1.12631019
26.1005921	1.11955428
26.1168137	1.11261629
26.1330353	1.10549184
26.149257	1.09817673
26.1654786	1.09066694
26.1817002	1.08295867
26.1979218	1.07504832
26.2141435	1.06693258
26.2303651	1.05860836
26.2465867	1.05007289
26.2628083	1.04132368
26.2790299	1.03235858
26.2952516	1.02317574
26.3114732	1.0137737
26.3276948	1.00415136
26.3439164	0.994307989
26.3601381	0.98424326
26.3763597	0.973957256
26.3925813	0.963450478
26.4088029	0.952723859
26.4250246	0.94177877
26.4412462	0.930617032
26.4574678	0.919240921
26.4736894	0.907653171
26.4899111	0.895856983
26.5061327	0.883856025
26.5223543	0.871654433
26.5385759	0.859256813
26.5547975	0.846668237
26.5710192	0.833894244
26.5872408	0.82094083
26.6034624	0.807814447
26.619684	0.794521995
26.6359057	0.78107081
26.6521273	0.767468658
26.6683489	0.75372372
26.6845705	0.739844581
26.7007922	0.725840213
26.7170138	0.711719963
26.7332354	0.697493531
26.749457	0.683170958
26.7656786	0.668762599
26.7819003	0.654279107
26.7981219	0.639731411
26.8143435	0.625130689
26.8305651	0.610488348
26.8467868	0.595815999
26.8630084	0.58112543
26.87923	0.566428577
26.8954516	0.551737501
26.9116733	0.53706436
26.9278949	0.522421378
26.9441165	0.507820816
26.9603381	0.493274948
26.9765598	0.478796025
26.9927814	0.464396251
27.009003	0.450087751
27.0252246	0.435882541
27.0414462	0.421792502
27.0576679	0.407829346
27.0738895	0.394004592
27.0901111	0.380329536
27.1063327	0.366815221
27.1225544	0.353472416
27.138776	0.340311584
27.1549976	0.327342856
27.1712192	0.314576013
27.1874409	0.302020456
27.2036625	0.289685186
27.2198841	0.277578783
27.2361057	0.265709382
27.2523274	0.254084663
27.268549	0.242711821
27.2847706	0.231597562
27.3009922	0.220748079
27.3172138	0.210169047
27.3334355	0.199865602
27.3496571	0.189842341
27.3658787	0.180103306
27.3821003	0.170651983
27.398322	0.161491292
27.4145436	0.152623589
27.4307652	0.144050659
27.4469868	0.135773721
27.4632085	0.127793429
27.4794301	0.120109874
27.4956517	0.11272259
27.5118733	0.105630563
27.528095	0.0988322369
27.5443166	0.0923255271
27.5605382	0.0861078304
27.5767598	0.0801760393
27.5929814	0.0745265573
27.6092031	0.0691553151
27.6254247	0.0640577891
27.6416463	0.0592290204
27.6578679	0.0546636353
27.6740896	0.0503558675
27.6903112	0.0462995803
27.7065328	0.0424882911
27.7227544	0.0389151959
27.7389761	0.0355731951
27.7551977	0.0324549198
27.7714193	0.0295527589
27.7876409	0.0268588866
27.8038625	0.024365291
27.8200842	0.0220638017
27.8363058	0.019946119
27.8525274	0.0180038428
27.868749	0.016228501
27.8849707	0.0146115784
27.9011923	0.0131445457
27.9174139	0.0118188873
27.9336355	0.0106261292
27.9498572	0.00955786709
27.9660788	0.00860579228
27.9823004	0.00776171852
27.998522	0.00701760706
28.0147437	0.00636559122
28.0309653	0.00579799991
28.0471869	0.00530738003
28.0634085	0.00488651788
28.0796301	0.0045284592
28.0958518	0.00422652806
28.1120734	0.00397434426
28.128295	0.00376583945
28.1445166	0.00359527164
28.1607383	0.00345723832
28.1769599	0.00334668788
28.1931815	0.00325892948
28.2094031	0.00318964131
28.2256248	0.00313487707
28.2418464	0.00309107089
28.258068	0.0030550404
28.2742896	0.00302398823
28.2905113	0.00299550165
28.3067329	0.00296755065
28.3229545	0.0029384842
28.3391761	0.0029070249
28.3553977	0.00287226198
28.3716194	0.00283364266
28.387841	0.00279096197
28.4040626	0.00274435102
28.4202842	0.00269426379
28.4365059	0.00264146253
28.4527275	0.00258700178
28.4689491	0.00253221117
28.4851707	0.00247867691
28.5013924	0.00242822228
28.517614	0.00238288698
28.5338356	0.00234490563
28.5500572	0.00231668533
28.5662788	0.00230078252
28.5825005	0.00229987918
28.5987221	0.00231675851
28.6149437	0.0023542801
28.6311653	0.00241535488
28.647387	0.00250291975
28.6636086	0.00261991222
28.6798302	0.00276924499
28.6960518	0.00295378064
28.7122735	0.0031763067
28.7284951	0.00343951094
28.7447167	0.0037459572
28.7609383	0.00409806184
28.77716	0.00449807085
28.7933816	0.00494803781
28.8096032	0.00544980274
28.8258248	0.00600497204
28.8420464	0.00661489945
28.8582681	0.00728066841
28.8744897	0.00800307555
28.8907113	0.00878261577
28.9069329	0.00961946867
28.9231546	0.0105134867
28.9393762	0.0114641847
28.9555978	0.0124707317
28.9718194	0.0135319437
28.9880411	0.014646279
29.0042627	0.0158118353
29.0204843	0.0170263479
29.0367059	0.0182871915
29.0529276	0.019591382
29.0691492	0.0209355821
29.0853708	0.0223161075
29.1015924	0.0237289365
29.117814	0.02516972
29.1340357	0.0266337949
29.1502573	0.0281161989
29.1664789	0.0296116872
29.1827005	0.0311147512
29.1989222	0.0326196391
29.2151438	0.0341203784
29.2313654	0.0356108001
29.247587	0.0370845644
29.2638087	0.0385351884
29.2800303	0.0399560749
29.2962519	0.0413405435
29.3124735	0.0426818615
29.3286952	0.0439732779
29.3449168	0.0452080572
29.3611384	0.046379515
29.37736	0.047481054
29.3935816	0.0485062012
29.4098033	0.0494486456
29.4260249	0.0503022763
29.4422465	0.0510612217
29.4584681	0.0517198875
29.4746898	0.052272997
29.4909114	0.0527156291
29.507133	0.0530432579
29.5233546	0.0532517908
29.5395763	0.0533376071
29.5557979	0.0532975956
29.5720195	0.0531291908
29.5882411	0.0528304096
29.6044627	0.0523998858
29.6206844	0.051836904
29.636906	0.0511414319
29.6531276	0.0503141514
29.6693492	0.0493564878
29.6855709	0.048270638
29.7017925	0.0470595955
29.7180141	0.045727175
29.7342357	0.0442780341
29.7504574	0.0427176925
29.766679	0.0410525498
29.7829006	0.0392899002
29.7991222	0.0374379451
29.8153439	0.0355058031
29.8315655	0.0335035168
29.8477871	0.031442058
29.8640087	0.0293333292
29.8802303	0.0271901628
29.896452	0.0250263169
29.9126736	0.022856469
29.9288952	0.0206962064
29.9451168	0.018562013
29.9613385	0.0164712548
29.9775601	0.0144421607
29.9937817	0.0124938017
30.0100033	0.0106460665
30.026225	0.00891963464
30.0424466	0.00733594647
30.0586682	0.00591717071
30.0748898	0.00468616915
30.0911115	0.00366645873
30.1073331	0.00288217114
30.1235547	0.00235800988
30.1397763	0.00211920504
30.1559979	0.0021914658
30.1722196	0.00260093075
30.1884412	0.00337411625
30.2046628	0.00453786287
30.2208844	0.00611928006
30.2371061	0.0081456892
30.2533277	0.0106445652
30.2695493	0.0136434769
30.2857709	0.0171700258
30.3019926	0.0212517846
30.3182142	0.0259162343
30.3344358	0.0311907006
30.3506574	0.0371022903
30.366879	0.0436778271
30.3831007	0.0509437868
30.3993223	0.0589262335
30.4155439	0.0676507553
30.4317655	0.0771424002
30.4479872	0.0874256137
30.4642088	0.0985241757
30.4804304	0.110461139
30.496652	0.12325877
30.5128737	0.136938488
30.5290953	0.151520808
30.5453169	0.167025285
30.5615385	0.18347046
30.5777602	0.200873805
30.5939818	0.219251678
30.6102034	0.238619267
30.626425	0.258990551
30.6426466	0.280378254
30.6588683	0.302793803
30.6750899	0.326247291
30.6913115	0.350747442
30.7075331	0.376301578
30.7237548	0.402915588
30.7399764	0.430593906
30.756198	0.459339483
30.7724196	0.48915377
30.7886413	0.520036698
30.8048629	0.551986668
30.8210845	0.585000538
30.8373061	0.61907362
30.8535278	0.654199672
30.8697494	0.690370898
30.885971	0.727577957
30.9021926	0.765809962
30.9184142	0.805054495
30.9346359	0.845297618
30.9508575	0.88652389
30.9670791	0.928716387
30.9833007	0.971856723
30.9995224	1.01592508
31.015744	1.06090022
31.0319656	1.10675955
31.0481872	1.15347912
31.0644089	1.20103369
31.0806305	1.24939673
31.0968521	1.29854052
31.1130737	1.34843613
31.1292954	1.39905352
31.145517	1.45036155
31.1617386	1.50232806
31.1779602	1.55491988
31.1941818	1.60810295
31.2104035	1.6618423
31.2266251	1.71610215
31.2428467	1.77084598
31.2590683	1.82603653
31.27529	1.88163593
31.2915116	1.93760569
31.3077332	1.99390683
31.3239548	2.05049987
31.3401765	2.10734495
31.3563981	2.16440186
31.3726197	2.22163008
31.3888413	2.27898889
31.4050629	2.3364374
31.4212846	2.3939346
31.4375062	2.45143944
31.4537278	2.50891087
31.4699494	2.5663079
31.4861711	2.62358966
31.5023927	2.68071544
31.5186143	2.73764475
31.5348359	2.79433739
31.5510576	2.85075345
31.5672792	2.90685341
31.5835008	2.96259813
31.5997224	3.01794896
31.6159441	3.07286771
31.6321657	3.12731674
31.6483873	3.18125898
31.6646089	3.23465795
31.6808305	3.28747783
31.6970522	3.33968344
31.7132738	3.3912403
31.7294954	3.44211468
31.745717	3.49227356
31.7619387	3.5416847
31.7781603	3.59031664
31.7943819	3.63813872
31.8106035	3.68512111
31.8268252	3.73123481
31.8430468	3.77645163
31.8592684	3.82074427
31.87549	3.86408625
31.8917117	3.90645199
31.9079333	3.94781673
31.9241549	3.9881566
31.9403765	4.02744861
31.9565981	4.0656706
31.9728198	4.10280129
31.9890414	4.13882025
32.005263	4.1737079
32.0214846	4.20744551
32.0377063	4.24001517
32.0539279	4.2713998
32.0701495	4.30158316
32.0863711	4.33054977
32.1025928	4.35828499
32.1188144	4.38477492
32.135036	4.41000647
32.1512576	4.43396728
32.1674792	4.45664576
32.1837009	4.47803102
32.1999225	4.49811293
32.2161441	4.51688204
32.2323657	4.53432961
32.2485874	4.55044758
32.264809	4.56522858
32.2810306	4.57866588
32.2972522	4.59075341
32.3134739	4.60148576
32.3296955	4.61085814
32.3459171	4.6188664
32.3621387	4.62550699
32.3783604	4.630777
32.394582	4.63467412
32.4108036	4.63719665
32.4270252	4.63834347
32.4432468	4.63811409
32.4594685	4.63650862
32.4756901	4.63352775
32.4919117	4.62917278
32.5081333	4.62344562
32.524355	4.61634878
32.5405766	4.60788539
32.5567982	4.5980592
32.5730198	4.58687455
32.5892415	4.57433647
32.6054631	4.56045056
32.6216847	4.54522313
32.6379063	4.5286611
32.654128	4.51077209
32.6703496	4.49156438
32.6865712	4.47104693
32.7027928	4.44922943
32.7190144	4.42612227
32.7352361	4.40173655
32.7514577	4.37608413
32.7676793	4.34917761
32.7839009	4.32103035
32.8001226	4.29165649
32.8163442	4.26107095
32.8325658	4.22928946
32.8487874	4.19632854
32.8650091	4.16220556
32.8812307	4.12693868
32.8974523	4.09054693
32.9136739	4.05305016
32.9298956	4.01446909
32.9461172	3.97482529
32.9623388	3.93414119
32.9785604	3.89244009
32.994782	3.84974615
33.0110037	3.80608439
33.0272253	3.76148071
33.0434469	3.71596185
33.0596685	3.66955542
33.0758902	3.62228987
33.0921118	3.57419448
33.1083334	3.52529936
33.124555	3.47563544
33.1407767	3.42523444
33.1569983	3.37412886
33.1732199	3.32235196
33.1894415	3.26993773
33.2056631	3.21692088
33.2218848	3.16333681
33.2381064	3.10922156
33.254328	3.0546118
33.2705496	2.99954482
33.2867713	2.94405843
33.3029929	2.88819097
33.3192145	2.83198128
33.3354361	2.77546861
33.3516578	2.71869263
33.3678794	2.66169335
33.384101	2.60451106
33.4003226	2.54718635
33.4165443	2.48975997
33.4327659	2.43227285
33.4489875	2.37476599
33.4652091	2.31728046
33.4814307	2.2598573
33.4976524	2.20253748
33.513874	2.14536185
33.5300956	2.08837107
33.5463172	2.03160555
33.5625389	1.97510539
33.5787605	1.91891035
33.5949821	1.86305973
33.6112037	1.80759237
33.6274254	1.75254655
33.643647	1.69795994
33.6598686	1.64386956
33.6760902	1.59031171
33.6923119	1.53732188
33.7085335	1.48493475
33.7247551	1.4331841
33.7409767	1.38210276
33.7571983	1.33172256
33.77342	1.28207427
33.7896416	1.23318757
33.8058632	1.185091
33.8220848	1.13781188
33.8383065	1.09137631
33.8545281	1.04580912
33.8707497	1.00113379
33.8869713	0.95737249
33.903193	0.914545968
33.9194146	0.872673575
33.9356362	0.831773212
33.9518578	0.79186131
33.9680794	0.752952813
33.9843011	0.715061152
34.0005227	0.678198237
34.0167443	0.642374441
34.0329659	0.60759859
34.0491876	0.573877961
34.0654092	0.541218279
34.0816308	0.509623718
34.0978524	0.479096902
34.1140741	0.449638919
34.1302957	0.421249331
34.1465173	0.393926183
34.1627389	0.36766603
34.1789606	0.342463948
34.1951822	0.318313568
34.2114038	0.295207098
34.2276254	0.273135352
34.243847	0.25208779
34.2600687	0.232052547
34.2762903	0.213016477
34.2925119	0.194965193
34.3087335	0.177883112
34.3249552	0.161753498
34.3411768	0.146558518
34.3573984	0.132279287
34.37362	0.118895923
34.3898417	0.106387604
34.4060633	0.0947326221
34.4222849	0.0839084415
34.4385065	0.0738917606
34.4547282	0.0646585706
34.4709498	0.0561842183
34.4871714	0.0484434685
34.503393	0.0414105674
34.5196146	0.0350593066
34.5358363	0.0293630871
34.5520579	0.0242949836
34.5682795	0.0198278094
34.5845011	0.0159341798
34.6007228	0.0125865764
34.6169444	0.00975740973
34.633166	0.00741908246
34.6493876	0.00554405037
34.6656093	0.00410488314
34.6818309	0.0030743236
34.6980525	0.00242534568
34.7142741	0.00213121082
34.7304958	0.00216552272
34.7467174	0.00250228028
34.762939	0.00311592862
34.7791606	0.00398140799
34.7953822	0.00507420059
34.8116039	0.006370375
34.8278255	0.00784662829
34.8440471	0.00948032562
34.8602687	0.0112495372
34.8764904	0.0131330729
34.892712	0.0151105136
34.9089336	0.0171622403
34.9251552	0.0192694602
34.9413769	0.0214142297
34.9575985	0.023579475
34.9738201	0.0257490094
34.9900417	0.0279075477
35.0062633	0.030040718
35.022485	0.0321350701
35.0387066	0.0341780812
35.0549282	0.0361581592
35.0711498	0.0380646424
35.0873715	0.0398877967
35.1035931	0.0416188102
35.1198147	0.0432497852
35.1360363	0.0447737272
35.152258	0.0461845317
35.1684796	0.0474769683
35.1847012	0.0486466627
35.2009228	0.0496900766
35.2171445	0.0506044846
35.2333661	0.05138795
35.2495877	0.0520392986
35.2658093	0.0525580897
35.2820309	0.052944587
35.2982526	0.0531997264
35.3144742	0.0533250836
35.3306958	0.0533228398
35.3469174	0.0531957463
35.3631391	0.0529470884
35.3793607	0.0525806483
35.3955823	0.0521006672
35.4118039	0.0515118071
35.4280256	0.0508191119
35.4442472	0.0500279687
35.4604688	0.0491440684
35.4766904	0.0481733668
35.4929121	0.0471220457
35.5091337	0.0459964743
35.5253553	0.0448031712
35.5415769	0.0435487668
35.5577985	0.0422399667
35.5740202	0.0408835153
35.5902418	0.0394861612
35.6064634	0.0380546234
35.622685	0.036595558
35.6389067	0.0351155274
35.6551283	0.03362097
35.6713499	0.0321181715
35.6875715	0.0306132384
35.7037932	0.0291120721
35.7200148	0.0276203458
35.7362364	0.0261434823
35.752458	0.0246866343
35.7686796	0.0232546661
35.7849013	0.0218521376
35.8011229	0.0204832902
35.8173445	0.0191520343
35.8335661	0.0178619393
35.8497878	0.0166162254
35.8660094	0.0154177576
35.882231	0.0142690413
35.8984526	0.0131722202
35.9146743	0.0121290763
35.9308959	0.0111410317
35.9471175	0.0102091519
35.9633391	0.00933415188
35.9795608	0.0085164032
35.9957824	0.00775594313
36.012004	0.00705248556
36.0282256	0.00640543345
36.0444472	0.00581389282
36.0606689	0.00527668825
36.0768905	0.00479237974
36.0931121	0.00435928084
36.1093337	0.00397547808
36.1255554	0.00363885133
36.141777	0.00334709532
36.1579986	0.00309774196
36.1742202	0.00288818344
36.1904419	0.00271569602
36.2066635	0.00257746442
36.2228851	0.00247060652
36.2391067	0.00239219856
36.2553284	0.00233930041
36.27155	0.002308981
36.2877716	0.0022983437
36.3039932	0.00230455161
36.3202148	0.00232485254
36.3364365	0.00235660369
36.3526581	0.00239729576
36.3688797	0.00244457662
36.3851013	0.00249627418
36.401323	0.00255041852
36.4175446	0.00260526314
36.4337662	0.00265930524
36.4499878	0.00271130491
36.4662095	0.00276030317
36.4824311	0.00280563881
36.4986527	0.00284696394
36.5148743	0.00288425807
36.531096	0.00291784088
36.5473176	0.00294838343
36.5635392	0.00297691781
36.5797608	0.00300484526
36.5959824	0.00303394264
36.6122041	0.0030663672
36.6284257	0.00310465975
36.6446473	0.00315174603
36.6608689	0.0032109365
36.6770906	0.00328592428
36.6933122	0.00338078145
36.7095338	0.00349995365
36.7257554	0.00364825296
36.7419771	0.00383084914
36.7581987	0.00405325922
36.7744203	0.00432133549
36.7906419	0.00464125195
36.8068635	0.00501948923
36.8230852	0.00546281805
36.8393068	0.0059782813
36.8555284	0.00657317479
36.87175	0.00725502669
36.8879717	0.00803157585
36.9041933	0.00891074897
36.9204149	0.00990063674
36.9366365	0.0110094691
36.9528582	0.0122455894
36.9690798	0.0136174284
36.9853014	0.015133477
37.001523	0.0168022584
37.0177447	0.0186323004
37.0339663	0.0206321071
37.0501879	0.0228101296
37.0664095	0.025174738
37.0826311	0.0277341919
37.0988528	0.0304966121
37.1150744	0.0334699517
37.131296	0.0366619679
37.1475176	0.0400801941
37.1637393	0.0437319125
37.1799609	0.047624127
37.1961825	0.0517635374
37.2124041	0.0561565136
37.2286258	0.0608090714
37.2448474	0.0657268489
37.261069	0.0709150837
37.2772906	0.0763785919
37.2935123	0.0821217479
37.3097339	0.088148465
37.3259555	0.0944621788
37.3421771	0.10106583
37.3583987	0.107961851
37.3746204	0.11515215
37.390842	0.122638106
37.4070636	0.130420549
37.4232852	0.13849976
37.4395069	0.146875463
37.4557285	0.155546814
37.4719501	0.164512406
37.4881717	0.173770264
37.5043934	0.183317844
37.520615	0.193152036
37.5368366	0.203269168
37.5530582	0.213665013
37.5692799	0.224334793
37.5855015	0.23527319
37.6017231	0.246474358
37.6179447	0.257931928
37.6341663	0.269639032
37.650388	0.281588309
37.6666096	0.293771928
37.6828312	0.306181602
37.6990528	0.318808608
37.7152745	0.331643809
37.7314961	0.344677676
37.7477177	0.357900309
37.7639393	0.371301462
37.780161	0.384870567
37.7963826	0.398596763
37.8126042	0.412468918
37.8288258	0.426475658
37.8450474	0.440605398
37.8612691	0.454846365
37.8774907	0.469186631
37.8937123	0.483614139
37.9099339	0.498116736
37.9261556	0.512682199
37.9423772	0.527298264
37.9585988	0.541952661
37.9748204	0.556633136
37.9910421	0.571327484
38.0072637	0.586023577
38.0234853	0.600709392
38.0397069	0.61537304
38.0559286	0.630002788
38.0721502	0.644587092
38.0883718	0.659114617
38.1045934	0.673574265
38.120815	0.687955199
38.1370367	0.70224686
38.1532583	0.716438997
38.1694799	0.73052168
38.1857015	0.744485326
38.2019232	0.75832071
38.2181448	0.772018987
38.2343664	0.785571705
38.250588	0.79897082
38.2668097	0.81220871
38.2830313	0.825278181
38.2992529	0.838172483
38.3154745	0.850885314
38.3316962	0.863410831
38.3479178	0.875743649
38.3641394	0.887878851
38.380361	0.899811989
38.3965826	0.911539082
38.4128043	0.923056618
38.4290259	0.934361553
38.4452475	0.945451304
38.4614691	0.95632375
38.4776908	0.966977219
38.4939124	0.977410488
38.510134	0.987622769
38.5263556	0.9976137
38.5425773	1.00738334
38.5587989	1.01693215
38.5750205	1.02626098
38.5912421	1.03537105
38.6074637	1.04426398
38.6236854	1.05294168
38.639907	1.06140644
38.6561286	1.06966084
38.6723502	1.07770777
38.6885719	1.08555037
38.7047935	1.09319208
38.7210151	1.10063654
38.7372367	1.10788764
38.7534584	1.11494946
38.76968	1.12182626
38.7859016	1.12852247
38.8021232	1.13504266
38.8183449	1.1413915
38.8345665	1.14757379
38.8507881	1.15359441
38.8670097	1.1594583
38.8832313	1.16517042
38.899453	1.1707358
38.9156746	1.17615945
38.9318962	1.18144638
38.9481178	1.18660157
38.9643395	1.19162996
38.9805611	1.19653645
38.9967827	1.20132583
39.0130043	1.20600284
39.029226	1.2105721
39.0454476	1.21503813
39.0616692	1.21940533
39.0778908	1.22367794
39.0941125	1.22786008
39.1103341	1.23195573
39.1265557	1.23596868
39.1427773	1.23990256
39.1589989	1.24376085
39.1752206	1.24754684
39.1914422	1.25126362
39.2076638	1.25491412
39.2238854	1.25850107
39.2401071	1.26202702
39.2563287	1.26549434
39.2725503	1.26890519
39.2887719	1.27226157
39.3049936	1.27556526
39.3212152	1.27881791
39.3374368	1.28202095
39.3536584	1.28517565
39.3698801	1.28828313
39.3861017	1.29134433
39.4023233	1.29436004
39.4185449	1.29733091
39.4347665	1.30025743
39.4509882	1.30313999
39.4672098	1.30597881
39.4834314	1.30877404
39.499653	1.3115257
39.5158747	1.31423371
39.5320963	1.3168979
39.5483179	1.31951805
39.5645395	1.32209382
39.5807612	1.32462485
39.5969828	1.32711072
39.6132044	1.32955095
39.629426	1.33194506
39.6456476	1.33429251
39.6618693	1.33659276
39.6780909	1.33884528
39.6943125	1.34104953
39.7105341	1.34320496
39.7267558	1.34531107
39.7429774	1.34736737
39.759199	1.34937339
39.7754206	1.35132872
39.7916423	1.35323297
39.8078639	1.35508582
39.8240855	1.35688699
39.8403071	1.35863626
39.8565288	1.36033346
39.8727504	1.36197851
39.888972	1.36357136
39.9051936	1.36511206
39.9214152	1.36660071
39.9376369	1.36803749
39.9538585	1.36942265
39.9700801	1.3707565
39.9863017	1.37203941
40.0025234	1.37327185
40.018745	1.37445433
40.0349666	1.37558742
40.0511882	1.37667177
40.0674099	1.37770807
40.0836315	1.37869705
40.0998531	1.37963953
40.1160747	1.38053633
40.1322964	1.38138833
40.148518	1.38219644
40.1647396	1.38296161
40.1809612	1.38368479
40.1971828	1.38436697
40.2134045	1.38500913
40.2296261	1.38561228
40.2458477	1.38617741
40.2620693	1.38670551
40.278291	1.38719755
40.2945126	1.3876545
40.3107342	1.3880773
40.3269558	1.38846684
40.3431775	1.38882401
40.3593991	1.38914962
40.3756207	1.38944448
40.3918423	1.3897093
40.4080639	1.38994478
40.4242856	1.39015153
40.4405072	1.39033012
40.4567288	1.39048104
40.4729504	1.39060471
40.4891721	1.39070149
40.5053937	1.39077166
40.5216153	1.39081542
40.5378369	1.3908329
40.5540586	1.39082416
40.5702802	1.39078917
40.5865018	1.39072782
40.6027234	1.39063994
40.6189451	1.39052527
40.6351667	1.39038348
40.6513883	1.39021417
40.6676099	1.39001686
40.6838315	1.38979102
40.7000532	1.38953605
40.7162748	1.38925129
40.7324964	1.38893601
40.748718	1.38858945
40.7649397	1.3882108
40.7811613	1.38779918
40.7973829	1.38735372
40.8136045	1.38687348
40.8298262	1.38635751
40.8460478	1.38580483
40.8622694	1.38521447
40.878491	1.38458542
40.8947127	1.38391669
40.9109343	1.38320729
40.9271559	1.38245622
40.9433775	1.38166253
40.9595991	1.38082526
40.9758208	1.37994349
40.9920424	1.37901634
41.008264	1.37804295
41.0244856	1.37702251
41.0407073	1.37595426
41.0569289	1.37483749
41.0731505	1.37367154
41.0893721	1.37245581
41.1055938	1.37118977
41.1218154	1.36987295
41.138037	1.36850494
41.1542586	1.36708539
41.1704803	1.36561405
41.1867019	1.36409072
41.2029235	1.36251525
41.2191451	1.36088761
41.2353667	1.35920778
41.2515884	1.35747586
41.26781	1.35569197
41.2840316	1.35385632
41.3002532	1.35196916
41.3164749	1.35003082
41.3326965	1.34804165
41.3489181	1.34600206
41.3651397	1.3439125
41.3813614	1.34177345
41.397583	1.33958542
41.4138046	1.33734893
41.4300262	1.33506453
41.4462478	1.33273275
41.4624695	1.33035414
41.4786911	1.32792923
41.4949127	1.32545852
41.5111343	1.32294249
41.527356	1.32038158
41.5435776	1.31777619
41.5597992	1.31512665
41.5760208	1.31243322
41.5922425	1.3096961
41.6084641	1.3069154
41.6246857	1.30409111
41.6409073	1.30122316
41.657129	1.29831132
41.6733506	1.29535529
41.6895722	1.29235459
41.7057938	1.28930863
41.7220154	1.28621668
41.7382371	1.28307783
41.7544587	1.27989103
41.7706803	1.27665508
41.7869019	1.27336857
41.8031236	1.27002994
41.8193452	1.26663746
41.8355668	1.2631892
41.8517884	1.25968304
41.8680101	1.2561167
41.8842317	1.25248768
41.9004533	1.2487933
41.9166749	1.24503073
41.9328966	1.24119689
41.9491182	1.23728858
41.9653398	1.23330238
41.9815614	1.22923472
41.997783	1.22508184
42.0140047	1.22083983
42.0302263	1.21650463
42.0464479	1.21207203
42.0626695	1.20753767
42.0788912	1.20289709
42.0951128	1.19814568
42.1113344	1.19327877
42.127556	1.18829155
42.1437777	1.18317917
42.1599993	1.1779367
42.1762209	1.17255918
42.1924425	1.1670416
42.2086641	1.16137895
42.2248858	1.15556621
42.2411074	1.14959839
42.257329	1.14347053
42.2735506	1.13717774
42.2897723	1.1307152
42.3059939	1.12407818
42.3222155	1.11726207
42.3384371	1.1102624
42.3546588	1.10307486
42.3708804	1.09569529
42.387102	1.08811975
42.4033236	1.08034451
42.4195453	1.07236606
42.4357669	1.06418115
42.4519885	1.05578681
42.4682101	1.04718035
42.4844317	1.0383594
42.5006534	1.0293219
42.516875	1.02006615
42.5330966	1.01059078
42.5493182	1.00089482
42.5655399	0.990977679
42.5817615	0.980839162
42.5979831	0.97047949
42.6142047	0.959899307
42.6304264	0.94909969
42.646648	0.93808216
42.6628696	0.926848689
42.6790912	0.915401705
42.6953129	0.903744097
42.7115345	0.891879222
42.7277561	0.879810903
42.7439777	0.867543433
42.7601993	0.855081575
42.776421	0.842430555
42.7926426	0.829596065
42.8088642	0.816584256
42.8250858	0.803401728
42.8413075	0.790055529
42.8575291	0.776553138
42.8737507	0.762902462
42.8899723	0.749111817
42.906194	0.735189918
42.9224156	0.721145867
42.9386372	0.706989128
42.9548588	0.692729518
42.9710805	0.678377183
42.9873021	0.663942582
43.0035237	0.649436462
43.0197453	0.634869836
43.0359669	0.620253963
43.0521886	0.605600321
43.0684102	0.590920581
43.0846318	0.576226584
43.1008534	0.561530311
43.1170751	0.546843859
43.1332967	0.53217941
43.1495183	0.517549204
43.1657399	0.50296551
43.1819616	0.488440598
43.1981832	0.473986705
43.2144048	0.459616013
43.2306264	0.445340615
43.246848	0.431172483
43.2630697	0.417123445
43.2792913	0.403205154
43.2955129	0.389429056
43.3117345	0.375806366
43.3279562	0.36234804
43.3441778	0.349064746
43.3603994	0.335966839
43.376621	0.323064338
43.3928427	0.310366898
43.4090643	0.297883791
43.4252859	0.285623878
43.4415075	0.273595593
43.4577292	0.261806924
43.4739508	0.250265387
43.4901724	0.23897802
43.506394	0.227951357
43.5226156	0.21719142
43.5388373	0.206703706
43.5550589	0.196493172
43.5712805	0.186564232
43.5875021	0.176920742
43.6037238	0.167565999
43.6199454	0.158502737
43.636167	0.149733121
43.6523886	0.141258748
43.6686103	0.133080647
43.6848319	0.125199285
43.7010535	0.117614566
43.7172751	0.110325841
43.7334968	0.103331913
43.7497184	0.0966310498
43.76594	0.0902209922
43.7821616	0.0840989671
43.7983832	0.0782617024
43.8146049	0.0727054419
43.8308265	0.067425963
43.8470481	0.0624185946
43.8632697	0.0576782374
43.8794914	0.0531993842
43.895713	0.0489761427
43.9119346	0.0450022582
43.9281562	0.0412711381
43.9443779	0.0377758771
43.9605995	0.0345092828
43.9768211	0.0314639024
43.9930427	0.0286320504
44.0092643	0.0260058356
44.025486	0.0235771902
44.0417076	0.0213378975
44.0579292	0.0192796212
44.0741508	0.0173939338
44.0903725	0.0156723458
44.1065941	0.0141063342
44.1228157	0.0126873709
44.1390373	0.0114069513
44.155259	0.0102566215
44.1714806	0.00922800614
44.1877022	0.0083128345
44.2039238	0.00750296669
44.2201455	0.00679041867
44.2363671	0.00616738637
44.2525887	0.00562626892
44.2688103	0.00515969073
44.2850319	0.0047605224
44.3012536	0.00442190041
44.3174752	0.00413724554
44.3336968	0.00390027984
44.3499184	0.00370504218
44.3661401	0.00354590238
44.3823617	0.00341757368
44.3985833	0.00331512371
44.4148049	0.00323398383
44.4310266	0.00316995675
44.4472482	0.00311922252
44.4634698	0.00307834283
44.4796914	0.00304426358
44.4959131	0.00301431573
44.5121347	0.00298621443
44.5283563	0.00295805648
44.5445779	0.00292831608
44.5607995	0.0028958389
44.5770212	0.00285983453
44.5932428	0.00281986735
44.6094644	0.00277584578
44.625686	0.00272801009
44.6419077	0.00267691871
44.6581293	0.00262343316
44.6743509	0.00256870166
44.6905725	0.00251414147
44.7067942	0.00246142004
44.7230158	0.00241243514
44.7392374	0.00236929389
44.755459	0.00233429091
44.7716807	0.00230988569
44.7879023	0.0022986792
44.8041239	0.00230338989
44.8203455	0.00232682919
44.8365671	0.0023718766
44.8527888	0.00244145453
44.8690104	0.00253850292
44.885232	0.00266595381
44.9014536	0.002826706
44.9176753	0.00302359982
44.9338969	0.00325939226
44.9501185	0.00353673244
44.9663401	0.00385813762
44.9825618	0.00422596989
44.9987834	0.00464241349
45.015005	0.00510945313
45.0312266	0.00562885313
45.0474482	0.00620213771
45.0636699	0.00683057243
45.0798915	0.00751514687
45.0961131	0.00825655869
45.1123347	0.00905519911
45.1285564	0.00991113991
45.144778	0.0108241221
45.1609996	0.0117935461
45.1772212	0.0128184638
45.1934429	0.0138975727
45.2096645	0.0150292109
45.2258861	0.0162113555
45.2421077	0.0174416213
45.2583294	0.0187172629
45.274551	0.0200351781
45.2907726	0.0213919128
45.3069942	0.0227836694
45.3232158	0.0242063155
45.3394375	0.0256553961
45.3556591	0.0271261464
45.3718807	0.028613508
45.3881023	0.030112146
45.404324	0.0316164684
45.4205456	0.0331206473
45.4367672	0.0346186419
45.4529888	0.0361042231
45.4692105	0.0375710006
45.4854321	0.0390124499
45.5016537	0.0404219426
45.5178753	0.0417927773
45.534097	0.0431182115
45.5503186	0.0443914955
45.5665402	0.0456059068
45.5827618	0.046754786
45.5989834	0.0478315731
45.6152051	0.0488298448
45.6314267	0.0497433526
45.6476483	0.0505660611
45.6638699	0.0512921866
45.6800916	0.0519162366
45.6963132	0.0524330483
45.7125348	0.0528378282
45.7287564	0.0531261906
45.7449781	0.0532941959
45.7611997	0.0533383891
45.7774213	0.0532558368
45.7936429	0.0530441638
45.8098645	0.0527015888
45.8260862	0.0522269587
45.8423078	0.0516197824
45.8585294	0.0508802623
45.874751	0.0500093249
45.8909727	0.0490086496
45.9071943	0.0478806962
45.9234159	0.0466287293
45.9396375	0.0452568423
45.9558592	0.0437699781
45.9720808	0.0421739478
45.9883024	0.0404754478
46.004524	0.0386820733
46.0207457	0.0368023306
46.0369673	0.0348456454
46.0531889	0.0328223699
46.0694105	0.030743786
46.0856321	0.0286221064
46.1018538	0.0264704725
46.1180754	0.02430295
46.134297	0.0221345208
46.1505186	0.0199810724
46.1667403	0.0178593848
46.1829619	0.0157871138
46.1991835	0.0137827715
46.2154051	0.0118657043
46.2316268	0.0100560676
46.2478484	0.00837479808
46.26407	0.00684358255
46.2802916	0.00548482483
46.2965133	0.00432160944
46.3127349	0.00337766286
46.3289565	0.00267731225
46.3451781	0.0022454418
46.3613997	0.00210744667
46.3776214	0.0022891848
46.393843	0.00281692654
46.4100646	0.00371730237
46.4262862	0.00501724869
46.4425079	0.00674395202
46.4587295	0.00892479149
46.4749511	0.01158728
46.4911727	0.014759004
46.5073944	0.0184675625
46.523616	0.0227405045
46.5398376	0.0276052664
46.5560592	0.033089108
46.5722809	0.0392190488
46.5885025	0.0460218038
46.6047241	0.0535237187
46.6209457	0.061750706
46.6371673	0.0707281808
46.653389	0.0804809974
46.6696106	0.0910333861
46.6858322	0.102408891
46.7020538	0.114630311
46.7182755	0.127719634
46.7344971	0.141697986
46.7507187	0.156585568
46.7669403	0.172401603
46.783162	0.18916428
46.7993836	0.206890707
46.8156052	0.225596857
46.8318268	0.245297519
46.8480484	0.266006259
46.8642701	0.287735373
46.8804917	0.310495847
46.8967133	0.334297322
46.9129349	0.359148057
46.9291566	0.385054901
46.9453782	0.412023261
46.9615998	0.440057078
46.9778214	0.469158805
46.9940431	0.499329389
47.0102647	0.530568251
47.0264863	0.56287328
47.0427079	0.596240819
47.0589296	0.630665661
47.0751512	0.666141046
47.0913728	0.702658665
47.1075944	0.740208658
47.123816	0.778779627
47.1400377	0.818358647
47.1562593	0.858931275
47.1724809	0.900481576
47.1887025	0.942992133
47.2049242	0.986444081
47.2211458	1.03081712
47.2373674	1.07608958
47.253589	1.12223838
47.2698107	1.16923915
47.2860323	1.21706622
47.3022539	1.26569265
47.3184755	1.31509031
47.3346972	1.36522991
47.3509188	1.41608103
47.3671404	1.46761217
47.383362	1.51979085
47.3995836	1.57258359
47.4158053	1.62595601
47.4320269	1.67987287
47.4482485	1.73429815
47.4644701	1.78919505
47.4806918	1.84452613
47.4969134	1.90025328
47.513135	1.95633786
47.5293566	2.01274071
47.5455783	2.06942221
47.5617999	2.12634238
47.5780215	2.1834609
47.5942431	2.24073719
47.6104647	2.29813045
47.6266864	2.35559975
47.642908	2.41310406
47.6591296	2.47060232
47.6753512	2.5280535
47.6915729	2.58541664
47.7077945	2.64265092
47.7240161	2.6997157
47.7402377	2.75657057
47.7564594	2.81317544
47.772681	2.8694905
47.7889026	2.92547637
47.8051242	2.98109407
47.8213459	3.03630509
47.8375675	3.09107142
47.8537891	3.14535561
47.8700107	3.19912078
47.8862323	3.25233067
47.902454	3.30494967
47.9186756	3.35694282
47.9348972	3.40827591
47.9511188	3.45891542
47.9673405	3.50882859
47.9835621	3.55798345
47.9997837	3.60634881
48.0160053	3.65389427
48.032227	3.70059028
48.0484486	3.7464081
48.0646702	3.79131986
48.0808918	3.83529851
48.0971135	3.87831788
48.1133351	3.92035265
48.1295567	3.96137838
48.1457783	4.00137148
48.1619999	4.04030923
48.1782216	4.07816978
48.1944432	4.11493212
48.2106648	4.15057611
48.2268864	4.18508245
48.2431081	4.21843269
48.2593297	4.2506092
48.2755513	4.28159518
48.2917729	4.31137463
48.3079946	4.33993237
48.3242162	4.36725399
48.3404378	4.39332588
48.3566594	4.41813519
48.3728811	4.44166981
48.3891027	4.46391838
48.4053243	4.48487029
48.4215459	4.50451561
48.4377675	4.52284515
48.4539892	4.53985038
48.4702108	4.55552348
48.4864324	4.56985729
48.502654	4.58284531
48.5188757	4.59448169
48.5350973	4.60476121
48.5513189	4.61367932
48.5675405	4.62123205
48.5837622	4.62741608
48.5999838	4.63222868
48.6162054	4.63566776
48.632427	4.63773181
48.6486486	4.63841993
