# t0_us	theta_over_pi_weighted_mean
0	5.52532545
0.00810810811	5.50030806
0.0162162162	5.47485154
0.0243243243	5.44896108
0.0324324324	5.42264197
0.0405405405	5.39589963
0.0486486486	5.36873964
0.0567567568	5.34116768
0.0648648649	5.31318955
0.072972973	5.28481121
0.0810810811	5.25603871
0.0891891892	5.22687823
0.0972972973	5.19733606
0.105405405	5.16741862
0.113513514	5.13713242
0.121621622	5.10648412
0.12972973	5.07548043
0.137837838	5.04412822
0.145945946	5.01243443
0.154054054	4.9804061
0.162162162	4.94805039
0.17027027	4.91537452
0.178378378	4.88238584
0.186486486	4.84909176
0.194594595	4.81549977
0.202702703	4.78161748
0.210810811	4.74745253
0.218918919	4.71301267
0.227027027	4.67830571
0.235135135	4.64333954
0.243243243	4.60812209
0.251351351	4.57266139
0.259459459	4.53696549
0.267567568	4.50104253
0.275675676	4.46490067
0.283783784	4.42854816
0.291891892	4.39199326
0.3	4.35524428
0.308108108	4.31830958
0.316216216	4.28119755
0.324324324	4.2439166
0.332432432	4.20647518
0.340540541	4.16888177
0.348648649	4.13114484
0.356756757	4.09327292
0.364864865	4.05527451
0.372972973	4.01715816
0.381081081	3.9789324
0.389189189	3.94060576
0.397297297	3.90218678
0.405405405	3.863684
0.413513514	3.82510593
0.421621622	3.78646109
0.42972973	3.74775797
0.437837838	3.70900504
0.445945946	3.67021076
0.454054054	3.63138354
0.462162162	3.59253179
0.47027027	3.55366386
0.478378378	3.51478807
0.486486486	3.4759127
0.494594595	3.43704599
0.502702703	3.39819613
0.510810811	3.35937124
0.518918919	3.32057942
0.527027027	3.28182869
0.535135135	3.243127
0.543243243	3.20448226
0.551351351	3.1659023
0.559459459	3.12739486
0.567567568	3.08896765
0.575675676	3.05062826
0.583783784	3.01238423
0.591891892	2.97424299
0.6	2.93621192
0.608108108	2.89829826
0.616216216	2.86050922
0.624324324	2.82285186
0.632432432	2.78533318
0.640540541	2.74796007
0.648648649	2.71073931
0.656756757	2.67367759
0.664864865	2.63678148
0.672972973	2.60005746
0.681081081	2.56351187
0.689189189	2.52715096
0.697297297	2.49098086
0.705405405	2.45500758
0.713513514	2.41923702
0.721621622	2.38367495
0.72972973	2.34832701
0.737837838	2.31319874
0.745945946	2.27829553
0.754054054	2.24362266
0.762162162	2.20918527
0.77027027	2.17498839
0.778378378	2.14103688
0.786486486	2.10733552
0.794594595	2.07388891
0.802702703	2.04070155
0.810810811	2.00777778
0.818918919	1.97512183
0.827027027	1.94273778
0.835135135	1.91062956
0.843243243	1.87880099
0.851351351	1.84725574
0.859459459	1.81599734
0.867567568	1.78502918
0.875675676	1.75435453
0.883783784	1.7239765
0.891891892	1.69389807
0.9	1.66412209
0.908108108	1.63465127
0.916216216	1.60548817
0.924324324	1.57663523
0.932432432	1.54809475
0.940540541	1.51986888
0.948648649	1.49195967
0.956756757	1.46436899
0.964864865	1.43709862
0.972972973	1.41015019
0.981081081	1.38352519
0.989189189	1.35722499
0.997297297	1.33125083
1.00540541	1.30560384
1.01351351	1.28028499
1.02162162	1.25529515
1.02972973	1.23063507
1.03783784	1.20630537
1.04594595	1.18230654
1.05405405	1.15863897
1.06216216	1.13530294
1.07027027	1.11229859
1.07837838	1.08962597
1.08648649	1.06728502
1.09459459	1.04527555
1.1027027	1.02359729
1.11081081	1.00224986
1.11891892	0.981232774
1.12702703	0.960545447
1.13513514	0.940187204
1.14324324	0.92015727
1.15135135	0.900454784
1.15945946	0.881078792
1.16756757	0.862028258
1.17567568	0.843302058
1.18378378	0.82489899
1.19189189	0.806817774
1.2	0.789057053
1.20810811	0.771615398
1.21621622	0.754491311
1.22432432	0.737683226
1.23243243	0.721189513
1.24054054	0.705008482
1.24864865	0.689138382
1.25675676	0.673577409
1.26486486	0.658323705
1.27297297	0.643375364
1.28108108	0.628730431
1.28918919	0.61438691
1.2972973	0.600342762
1.30540541	0.586595912
1.31351351	0.573144249
1.32162162	0.559985631
1.32972973	0.547117887
1.33783784	0.53453882
1.34594595	0.52224621
1.35405405	0.510237818
1.36216216	0.498511386
1.37027027	0.487064643
1.37837838	0.475895308
1.38648649	0.465001089
1.39459459	0.45437969
1.4027027	0.444028813
1.41081081	0.433946158
1.41891892	0.424129428
1.42702703	0.414576334
1.43513514	0.405284591
1.44324324	0.39625193
1.45135135	0.387476089
1.45945946	0.378954828
1.46756757	0.370685922
1.47567568	0.362667167
1.48378378	0.354896384
1.49189189	0.347371418
1.5	0.340090143
1.50810811	0.333050462
1.51621622	0.326250312
1.52432432	0.319687663
1.53243243	0.313360522
1.54054054	0.307266937
1.54864865	0.301404992
1.55675676	0.295772818
1.56486486	0.290368586
1.57297297	0.285190517
1.58108108	0.280236877
1.58918919	0.275505982
1.5972973	0.2709962
1.60540541	0.266705948
1.61351351	0.262633701
1.62162162	0.258777985
1.62972973	0.255137385
1.63783784	0.251710541
1.64594595	0.248496154
1.65405405	0.245492981
1.66216216	0.242699843
1.67027027	0.240115619
1.67837838	0.237739252
1.68648649	0.235569746
1.69459459	0.233606168
1.7027027	0.23184765
1.71081081	0.230293387
1.71891892	0.228942639
1.72702703	0.227794729
1.73513514	0.226849047
1.74324324	0.226105045
1.75135135	0.225562242
1.75945946	0.225220221
1.76756757	0.225078629
1.77567568	0.225137178
1.78378378	0.225395644
1.79189189	0.225853865
1.8	0.226511743
1.80810811	0.227369243
1.81621622	0.22842639
1.82432432	0.229683272
1.83243243	0.231140036
1.84054054	0.232796887
1.84864865	0.23465409
1.85675676	0.236711966
1.86486486	0.238970892
1.87297297	0.241431302
1.88108108	0.24409368
1.88918919	0.246958564
1.8972973	0.250026543
1.90540541	0.253298254
1.91351351	0.256774382
1.92162162	0.260455658
1.92972973	0.264342858
1.93783784	0.268436798
1.94594595	0.272738339
1.95405405	0.277248376
1.96216216	0.281967844
1.97027027	0.286897711
1.97837838	0.29203898
1.98648649	0.297392681
1.99459459	0.302959875
2.0027027	0.30874165
2.01081081	0.314739115
2.01891892	0.320953404
2.02702703	0.327385667
2.03513514	0.334037074
2.04324324	0.340908808
2.05135135	0.348002064
2.05945946	0.355318046
2.06756757	0.362857967
2.07567568	0.370623042
2.08378378	0.37861449
2.09189189	0.386833528
2.1	0.39528137
2.10810811	0.403959224
2.11621622	0.41286829
2.12432432	0.422009755
2.13243243	0.431384793
2.14054054	0.440994562
2.14864865	0.450840199
2.15675676	0.46092282
2.16486486	0.471243515
2.17297297	0.481803348
2.18108108	0.492603352
2.18918919	0.503644525
2.1972973	0.514927831
2.20540541	0.526454198
2.21351351	0.538224507
2.22162162	0.550239602
2.22972973	0.562500274
2.23783784	0.575007271
2.24594595	0.587761285
2.25405405	0.600762955
2.26216216	0.614012864
2.27027027	0.627511535
2.27837838	0.641259429
2.28648649	0.655256944
2.29459459	0.669504411
2.3027027	0.684002089
2.31081081	0.69875017
2.31891892	0.713748769
2.32702703	0.728997928
2.33513514	0.744497607
2.34324324	0.760247689
2.35135135	0.776247974
2.35945946	0.792498176
2.36756757	0.808997924
2.37567568	0.825746757
2.38378378	0.842744126
2.39189189	0.859989388
2.4	0.877481808
2.40810811	0.895220552
2.41621622	0.913204693
2.42432432	0.931433203
2.43243243	0.949904953
2.44054054	0.968618715
2.44864865	0.987573155
2.45675676	1.00676684
2.46486486	1.02619822
2.47297297	1.04586565
2.48108108	1.06576738
2.48918919	1.08590153
2.4972973	1.10626614
2.50540541	1.12685912
2.51351351	1.14767827
2.52162162	1.16872128
2.52972973	1.18998574
2.53783784	1.21146911
2.54594595	1.23316875
2.55405405	1.2550819
2.56216216	1.27720568
2.57027027	1.29953711
2.57837838	1.32207308
2.58648649	1.34481039
2.59459459	1.3677457
2.6027027	1.39087557
2.61081081	1.41419645
2.61891892	1.43770466
2.62702703	1.46139644
2.63513514	1.48526788
2.64324324	1.50931498
2.65135135	1.53353363
2.65945946	1.5579196
2.66756757	1.58246857
2.67567568	1.60717608
2.68378378	1.6320376
2.69189189	1.65704847
2.7	1.68220394
2.70810811	1.70749914
2.71621622	1.7329291
2.72432432	1.75848878
2.73243243	1.784173
2.74054054	1.80997651
2.74864865	1.83589396
2.75675676	1.86191989
2.76486486	1.88804877
2.77297297	1.91427497
2.78108108	1.94059277
2.78918919	1.96699637
2.7972973	1.99347988
2.80540541	2.02003734
2.81351351	2.04666269
2.82162162	2.07334982
2.82972973	2.10009252
2.83783784	2.12688452
2.84594595	2.15371949
2.85405405	2.18059102
2.86216216	2.20749263
2.87027027	2.2344178
2.87837838	2.26135992
2.88648649	2.28831237
2.89459459	2.31526842
2.9027027	2.34222134
2.91081081	2.36916432
2.91891892	2.39609052
2.92702703	2.42299306
2.93513514	2.44986502
2.94324324	2.47669943
2.95135135	2.5034893
2.95945946	2.53022762
2.96756757	2.55690734
2.97567568	2.5835214
2.98378378	2.6100627
2.99189189	2.63652415
3	2.66289862
3.00810811	2.689179
3.01621622	2.71535815
3.02432432	2.74142893
3.03243243	2.76738421
3.04054054	2.79321687
3.04864865	2.81891977
3.05675676	2.84448581
3.06486486	2.86990788
3.07297297	2.89517891
3.08108108	2.92029183
3.08918919	2.9452396
3.0972973	2.97001521
3.10540541	2.99461169
3.11351351	3.01902208
3.12162162	3.04323948
3.12972973	3.06725702
3.13783784	3.09106788
3.14594595	3.11466527
3.15405405	3.13804246
3.16216216	3.16119279
3.17027027	3.18410963
3.17837838	3.20678642
3.18648649	3.22921668
3.19459459	3.25139396
3.2027027	3.2733119
3.21081081	3.29496423
3.21891892	3.31634471
3.22702703	3.33744721
3.23513514	3.35826568
3.24324324	3.37879415
3.25135135	3.39902671
3.25945946	3.41895758
3.26756757	3.43858104
3.27567568	3.45789149
3.28378378	3.47688341
3.29189189	3.49555137
3.3	3.51389006
3.30810811	3.53189428
3.31621622	3.5495589
3.32432432	3.56687894
3.33243243	3.58384951
3.34054054	3.60046583
3.34864865	3.61672325
3.35675676	3.63261723
3.36486486	3.64814333
3.37297297	3.66329726
3.38108108	3.67807484
3.38918919	3.69247202
3.3972973	3.70648485
3.40540541	3.72010955
3.41351351	3.73334244
3.42162162	3.74617997
3.42972973	3.75861873
3.43783784	3.77065546
3.44594595	3.782287
3.45405405	3.79351034
3.46216216	3.80432262
3.47027027	3.8147211
3.47837838	3.82470318
3.48648649	3.83426642
3.49459459	3.84340848
3.5027027	3.85212721
3.51081081	3.86042055
3.51891892	3.86828662
3.52702703	3.87572368
3.53513514	3.8827301
3.54324324	3.88930442
3.55135135	3.89544533
3.55945946	3.90115163
3.56756757	3.9064223
3.57567568	3.91125644
3.58378378	3.91565331
3.59189189	3.91961228
3.6	3.9231329
3.60810811	3.92621485
3.61621622	3.92885794
3.62432432	3.93106213
3.63243243	3.93282752
3.64054054	3.93415436
3.64864865	3.93504302
3.65675676	3.93549402
3.66486486	3.93550802
3.67297297	3.93508582
3.68108108	3.93422833
3.68918919	3.93293663
3.6972973	3.93121191
3.70540541	3.92905551
3.71351351	3.92646888
3.72162162	3.92345363
3.72972973	3.92001146
3.73783784	3.91614423
3.74594595	3.91185391
3.75405405	3.90714261
3.76216216	3.90201254
3.77027027	3.89646604
3.77837838	3.89050558
3.78648649	3.88413375
3.79459459	3.87735323
3.8027027	3.87016684
3.81081081	3.8625775
3.81891892	3.85458824
3.82702703	3.84620221
3.83513514	3.83742266
3.84324324	3.82825294
3.85135135	3.81869651
3.85945946	3.80875693
3.86756757	3.79843785
3.87567568	3.78774302
3.88378378	3.77667629
3.89189189	3.7652416
3.9	3.75344298
3.90810811	3.74128454
3.91621622	3.72877047
3.92432432	3.71590508
3.93243243	3.70269271
3.94054054	3.68913782
3.94864865	3.67524492
3.95675676	3.66101859
3.96486486	3.64646352
3.97297297	3.63158441
3.98108108	3.61638609
3.98918919	3.6008734
3.9972973	3.58505127
4.00540541	3.56892468
4.01351351	3.55249868
4.02162162	3.53577836
4.02972973	3.51876886
4.03783784	3.50147539
4.04594595	3.48390318
4.05405405	3.46605752
4.06216216	3.44794375
4.07027027	3.42956724
4.07837838	3.41093339
4.08648649	3.39204766
4.09459459	3.37291551
4.1027027	3.35354246
4.11081081	3.33393405
4.11891892	3.31409584
4.12702703	3.29403342
4.13513514	3.27375239
4.14324324	3.25325839
4.15135135	3.23255706
4.15945946	3.21165407
4.16756757	3.1905551
4.17567568	3.16926582
4.18378378	3.14779194
4.19189189	3.12613915
4.2	3.10431317
4.20810811	3.08231971
4.21621622	3.06016447
4.22432432	3.03785317
4.23243243	3.01539152
4.24054054	2.99278522
4.24864865	2.97003996
4.25675676	2.94716144
4.26486486	2.92415533
4.27297297	2.90102731
4.28108108	2.87778302
4.28918919	2.8544281
4.2972973	2.83096818
4.30540541	2.80740886
4.31351351	2.78375573
4.32162162	2.76001434
4.32972973	2.73619025
4.33783784	2.71228896
4.34594595	2.68831596
4.35405405	2.66427674
4.36216216	2.64017671
4.37027027	2.61602129
4.37837838	2.59181586
4.38648649	2.56756577
4.39459459	2.54327632
4.4027027	2.51895281
4.41081081	2.49460047
4.41891892	2.47022451
4.42702703	2.44583012
4.43513514	2.42142243
4.44324324	2.39700653
4.45135135	2.37258749
4.45945946	2.34817033
4.46756757	2.32376002
4.47567568	2.29936151
4.48378378	2.27497968
4.49189189	2.25061941
4.5	2.22628549
4.50810811	2.20198269
4.51621622	2.17771573
4.52432432	2.15348931
4.53243243	2.12930804
4.54054054	2.10517651
4.54864865	2.08109928
4.55675676	2.05708083
4.56486486	2.03312562
4.57297297	2.00923804
4.58108108	1.98542246
4.58918919	1.96168318
4.5972973	1.93802447
4.60540541	1.91445054
4.61351351	1.89096555
4.62162162	1.86757363
4.62972973	1.84427885
4.63783784	1.82108522
4.64594595	1.79799674
4.65405405	1.77501732
4.66216216	1.75215084
4.67027027	1.72940114
4.67837838	1.706772
4.68648649	1.68426716
4.69459459	1.66189031
4.7027027	1.6396451
4.71081081	1.61753511
4.71891892	1.59556389
4.72702703	1.57373495
4.73513514	1.55205174
4.74324324	1.53051767
4.75135135	1.5091361
4.75945946	1.48791034
4.76756757	1.46684367
4.77567568	1.4459393
4.78378378	1.42520042
4.79189189	1.40463017
4.8	1.38423162
4.80810811	1.36400782
4.81621622	1.34396177
4.82432432	1.32409643
4.83243243	1.3044147
4.84054054	1.28491946
4.84864865	1.26561352
4.85675676	1.24649966
4.86486486	1.22758064
4.87297297	1.20885913
4.88108108	1.19033779
4.88918919	1.17201923
4.8972973	1.15390602
4.90540541	1.13600069
4.91351351	1.11830571
4.92162162	1.10082354
4.92972973	1.08355657
4.93783784	1.06650717
4.94594595	1.04967765
4.95405405	1.0330703
4.96216216	1.01668735
4.97027027	1.00053101
4.97837838	0.984603429
4.98648649	0.96890673
4.99459459	0.953442991
5.0027027	0.938214249
5.01081081	0.923222506
5.01891892	0.908469718
5.02702703	0.893957807
5.03513514	0.879688652
5.04324324	0.865664093
5.05135135	0.851885932
5.05945946	0.838355928
5.06756757	0.825075803
5.07567568	0.812047238
5.08378378	0.799271876
5.09189189	0.786751317
5.1	0.774487125
5.10810811	0.762480819
5.11621622	0.750733883
5.12432432	0.739247755
5.13243243	0.728023838
5.14054054	0.71706349
5.14864865	0.70636803
5.15675676	0.695938736
5.16486486	0.685776842
5.17297297	0.675883543
5.18108108	0.666259992
5.18918919	0.656907298
5.1972973	0.647826529
5.20540541	0.639018708
5.21351351	0.630484817
5.22162162	0.622225793
5.22972973	0.61424253
5.23783784	0.606535878
5.24594595	0.599106639
5.25405405	0.591955574
5.26216216	0.585083397
5.27027027	0.578490774
5.27837838	0.572178328
5.28648649	0.566146633
5.29459459	0.560396215
5.3027027	0.554927554
5.31081081	0.54974108
5.31891892	0.544837176
5.32702703	0.540216175
5.33513514	0.53587836
5.34324324	0.531823962
5.35135135	0.528053165
5.35945946	0.524566098
5.36756757	0.52136284
5.37567568	0.518443418
5.38378378	0.515807804
5.39189189	0.513455919
5.4	0.51138763
5.40810811	0.509602746
5.41621622	0.508101026
5.42432432	0.506882169
5.43243243	0.505945821
5.44054054	0.50529157
5.44864865	0.504918948
5.45675676	0.504827428
5.46486486	0.505016426
5.47297297	0.5054853
5.48108108	0.506233347
5.48918919	0.507259806
5.4972973	0.508563856
5.50540541	0.510144616
5.51351351	0.512001143
5.52162162	0.514132433
5.52972973	0.516537421
5.53783784	0.51921498
5.54594595	0.522163921
5.55405405	0.52538299
5.56216216	0.528870873
5.57027027	0.532626192
5.57837838	0.536647502
5.58648649	0.540933299
5.59459459	0.545482011
5.6027027	0.550292005
5.61081081	0.555361579
5.61891892	0.560688971
5.62702703	0.56627235
5.63513514	0.572109822
5.64324324	0.578199429
5.65135135	0.584539144
5.65945946	0.591126879
5.66756757	0.597960478
5.67567568	0.60503772
5.68378378	0.612356319
5.69189189	0.619913925
5.7	0.627708121
5.70810811	0.635736427
5.71621622	0.643996297
5.72432432	0.65248512
5.73243243	0.661200222
5.74054054	0.670138864
5.74864865	0.679298245
5.75675676	0.688675498
5.76486486	0.698267695
5.77297297	0.708071844
5.78108108	0.718084892
5.78918919	0.728303725
5.7972973	0.738725165
5.80540541	0.749345976
5.81351351	0.760162861
5.82162162	0.771172465
5.82972973	0.782371372
5.83783784	0.793756111
5.84594595	0.80532315
5.85405405	0.817068903
5.86216216	0.828989729
5.87027027	0.841081932
5.87837838	0.853341759
5.88648649	0.865765409
5.89459459	0.878349024
5.9027027	0.8910887
5.91081081	0.90398048
5.91891892	0.917020358
5.92702703	0.930204282
5.93513514	0.943528153
5.94324324	0.956987825
5.95135135	0.97057911
5.95945946	0.984297776
5.96756757	0.998139549
5.97567568	1.01210012
5.98378378	1.02617512
5.99189189	1.04036018
6	1.05465087
6.00810811	1.06904271
6.01621622	1.08353123
6.02432432	1.09811189
6.03243243	1.11278014
6.04054054	1.12753139
6.04864865	1.14236103
6.05675676	1.15726443
6.06486486	1.17223693
6.07297297	1.18727383
6.08108108	1.20237044
6.08918919	1.21752205
6.0972973	1.2327239
6.10540541	1.24797124
6.11351351	1.26325932
6.12162162	1.27858334
6.12972973	1.29393853
6.13783784	1.30932009
6.14594595	1.32472321
6.15405405	1.3401431
6.16216216	1.35557493
6.17027027	1.37101391
6.17837838	1.38645523
6.18648649	1.40189408
6.19459459	1.41732566
6.2027027	1.43274519
6.21081081	1.44814789
6.21891892	1.46352898
6.22702703	1.4788837
6.23513514	1.49420733
6.24324324	1.50949512
6.25135135	1.52474238
6.25945946	1.53994443
6.26756757	1.55509659
6.27567568	1.57019424
6.28378378	1.58523277
6.29189189	1.60020759
6.3	1.61511415
6.30810811	1.62994794
6.31621622	1.64470448
6.32432432	1.65937931
6.33243243	1.67396804
6.34054054	1.68846629
6.34864865	1.70286974
6.35675676	1.71717411
6.36486486	1.73137516
6.37297297	1.7454687
6.38108108	1.7594506
6.38918919	1.77331676
6.3972973	1.78706317
6.40540541	1.80068582
6.41351351	1.81418081
6.42162162	1.82754426
6.42972973	1.84077238
6.43783784	1.85386141
6.44594595	1.86680767
6.45405405	1.87960756
6.46216216	1.89225751
6.47027027	1.90475404
6.47837838	1.91709374
6.48648649	1.92927327
6.49459459	1.94128935
6.5027027	1.95313879
6.51081081	1.96481845
6.51891892	1.97632529
6.52702703	1.98765634
6.53513514	1.99880871
6.54324324	2.00977957
6.55135135	2.0205662
6.55945946	2.03116594
6.56756757	2.04157622
6.57567568	2.05179455
6.58378378	2.06181854
6.59189189	2.07164587
6.6	2.0812743
6.60810811	2.0907017
6.61621622	2.099926
6.62432432	2.10894525
6.63243243	2.11775756
6.64054054	2.12636115
6.64864865	2.13475432
6.65675676	2.14293546
6.66486486	2.15090306
6.67297297	2.1586557
6.68108108	2.16619204
6.68918919	2.17351085
6.6972973	2.18061099
6.70540541	2.1874914
6.71351351	2.19415113
6.72162162	2.2005893
6.72972973	2.20680516
6.73783784	2.21279802
6.74594595	2.2185673
6.75405405	2.2241125
6.76216216	2.22943324
6.77027027	2.23452922
6.77837838	2.23940021
6.78648649	2.2440461
6.79459459	2.24846687
6.8027027	2.25266259
6.81081081	2.25663342
6.81891892	2.26037961
6.82702703	2.2639015
6.83513514	2.26719952
6.84324324	2.2702742
6.85135135	2.27312614
6.85945946	2.27575606
6.86756757	2.27816473
6.87567568	2.28035304
6.88378378	2.28232195
6.89189189	2.28407249
6.9	2.28560582
6.90810811	2.28692314
6.91621622	2.28802575
6.92432432	2.28891503
6.93243243	2.28959245
6.94054054	2.29005954
6.94864865	2.29031793
6.95675676	2.29036932
6.96486486	2.29021548
6.97297297	2.28985826
6.98108108	2.28929958
6.98918919	2.28854145
6.9972973	2.28758592
7.00540541	2.28643515
7.01351351	2.28509133
7.02162162	2.28355674
7.02972973	2.28183372
7.03783784	2.27992468
7.04594595	2.2778321
7.05405405	2.27555849
7.06216216	2.27310645
7.07027027	2.27047864
7.07837838	2.26767776
7.08648649	2.26470657
7.09459459	2.2615679
7.1027027	2.25826462
7.11081081	2.25479964
7.11891892	2.25117595
7.12702703	2.24739657
7.13513514	2.24346455
7.14324324	2.23938303
7.15135135	2.23515514
7.15945946	2.23078409
7.16756757	2.22627312
7.17567568	2.22162551
7.18378378	2.21684456
7.19189189	2.21193364
7.2	2.20689611
7.20810811	2.2017354
7.21621622	2.19645496
7.22432432	2.19105825
7.23243243	2.18554879
7.24054054	2.17993009
7.24864865	2.17420572
7.25675676	2.16837924
7.26486486	2.16245425
7.27297297	2.15643438
7.28108108	2.15032324
7.28918919	2.1441245
7.2972973	2.13784182
7.30540541	2.13147887
7.31351351	2.12503935
7.32162162	2.11852696
7.32972973	2.11194541
7.33783784	2.10529841
7.34594595	2.0985897
7.35405405	2.091823
7.36216216	2.08500204
7.37027027	2.07813057
7.37837838	2.0712123
7.38648649	2.064251
7.39459459	2.05725037
7.4027027	2.05021416
7.41081081	2.0431461
7.41891892	2.0360499
7.42702703	2.02892929
7.43513514	2.02178796
7.44324324	2.01462962
7.45135135	2.00745796
7.45945946	2.00027666
7.46756757	1.99308937
7.47567568	1.98589977
7.48378378	1.97871148
7.49189189	1.97152813
7.5	1.96435334
7.50810811	1.95719069
7.51621622	1.95004376
7.52432432	1.94291612
7.53243243	1.93581129
7.54054054	1.9287328
7.54864865	1.92168415
7.55675676	1.91466881
7.56486486	1.90769025
7.57297297	1.9007519
7.58108108	1.89385716
7.58918919	1.88700943
7.5972973	1.88021207
7.60540541	1.87346842
7.61351351	1.8667818
7.62162162	1.8601555
7.62972973	1.85359277
7.63783784	1.84709686
7.64594595	1.84067098
7.65405405	1.83431831
7.66216216	1.82804202
7.67027027	1.82184523
7.67837838	1.81573104
7.68648649	1.80970253
7.69459459	1.80376276
7.7027027	1.79791473
7.71081081	1.79216144
7.71891892	1.78650586
7.72702703	1.78095092
7.73513514	1.77549952
7.74324324	1.77015454
7.75135135	1.76491885
7.75945946	1.75979525
7.76756757	1.75478654
7.77567568	1.74989548
7.78378378	1.74512482
7.79189189	1.74047727
7.8	1.7359555
7.80810811	1.73156216
7.81621622	1.7272999
7.82432432	1.7231713
7.83243243	1.71917893
7.84054054	1.71532534
7.84864865	1.71161306
7.85675676	1.70804456
7.86486486	1.70462231
7.87297297	1.70134876
7.88108108	1.69822631
7.88918919	1.69525735
7.8972973	1.69244425
7.90540541	1.68978933
7.91351351	1.68729491
7.92162162	1.68496329
7.92972973	1.68279671
7.93783784	1.68079742
7.94594595	1.67896763
7.95405405	1.67730953
7.96216216	1.6758253
7.97027027	1.67451708
7.97837838	1.67338698
7.98648649	1.67243711
7.99459459	1.67166955
8.0027027	1.67108636
8.01081081	1.67068956
8.01891892	1.67048116
8.02702703	1.67046318
8.03513514	1.67063756
8.04324324	1.67100627
8.05135135	1.67157123
8.05945946	1.67233435
8.06756757	1.67329752
8.07567568	1.67446262
8.08378378	1.67583148
8.09189189	1.67740594
8.1	1.67918782
8.10810811	1.68117889
8.11621622	1.68338094
8.12432432	1.68579571
8.13243243	1.68842494
8.14054054	1.69127034
8.14864865	1.6943336
8.15675676	1.69761641
8.16486486	1.70112041
8.17297297	1.70484725
8.18108108	1.70879854
8.18918919	1.71297588
8.1972973	1.71738084
8.20540541	1.72201499
8.21351351	1.72687987
8.22162162	1.73197699
8.22972973	1.73730785
8.23783784	1.74287394
8.24594595	1.7486767
8.25405405	1.75471757
8.26216216	1.76099797
8.27027027	1.76751929
8.27837838	1.77428291
8.28648649	1.78129016
8.29459459	1.78854238
8.3027027	1.79604087
8.31081081	1.80378691
8.31891892	1.81178175
8.32702703	1.82002661
8.33513514	1.82852272
8.34324324	1.83727123
8.35135135	1.84627331
8.35945946	1.85553008
8.36756757	1.86504264
8.37567568	1.87481206
8.38378378	1.88483937
8.39189189	1.89512558
8.4	1.90567168
8.40810811	1.91647862
8.41621622	1.92754731
8.42432432	1.93887863
8.43243243	1.95047343
8.44054054	1.96233254
8.44864865	1.97445673
8.45675676	1.98684674
8.46486486	1.99950329
8.47297297	2.01242704
8.48108108	2.02561863
8.48918919	2.03907864
8.4972973	2.05280763
8.50540541	2.0668061
8.51351351	2.08107453
8.52162162	2.09561333
8.52972973	2.11042289
8.53783784	2.12550353
8.54594595	2.14085555
8.55405405	2.15647918
8.56216216	2.17237461
8.57027027	2.18854198
8.57837838	2.20498139
8.58648649	2.22169287
8.59459459	2.23867641
8.6027027	2.25593193
8.61081081	2.27345933
8.61891892	2.29125841
8.62702703	2.30932894
8.63513514	2.32767063
8.64324324	2.34628312
8.65135135	2.36516601
8.65945946	2.38431882
8.66756757	2.40374101
8.67567568	2.42343199
8.68378378	2.44339108
8.69189189	2.46361757
8.7	2.48411066
8.70810811	2.50486949
8.71621622	2.52589313
8.72432432	2.54718058
8.73243243	2.56873077
8.74054054	2.59054257
8.74864865	2.61261477
8.75675676	2.63494608
8.76486486	2.65753515
8.77297297	2.68038055
8.78108108	2.70348078
8.78918919	2.72683425
8.7972973	2.75043931
8.80540541	2.77429423
8.81351351	2.79839719
8.82162162	2.8227463
8.82972973	2.8473396
8.83783784	2.87217505
8.84594595	2.8972505
8.85405405	2.92256375
8.86216216	2.94811252
8.87027027	2.97389443
8.87837838	2.99990703
8.88648649	3.02614777
8.89459459	3.05261406
8.9027027	3.07930317
8.91081081	3.10621233
8.91891892	3.13333866
8.92702703	3.16067923
8.93513514	3.18823098
8.94324324	3.2159908
8.95135135	3.2439555
8.95945946	3.27212177
8.96756757	3.30048625
8.97567568	3.32904548
8.98378378	3.35779593
8.99189189	3.38673397
9	3.4158559
9.00810811	3.44515793
9.01621622	3.47463618
9.02432432	3.50428671
9.03243243	3.53410548
9.04054054	3.56408838
9.04864865	3.5942312
9.05675676	3.62452967
9.06486486	3.65497943
9.07297297	3.68557605
9.08108108	3.71631501
9.08918919	3.74719173
9.0972973	3.77820153
9.10540541	3.80933967
9.11351351	3.84060134
9.12162162	3.87198163
9.12972973	3.9034756
9.13783784	3.93507819
9.14594595	3.96678431
9.15405405	3.99858878
9.16216216	4.03048635
9.17027027	4.06247172
9.17837838	4.09453951
9.18648649	4.12668427
9.19459459	4.15890051
9.2027027	4.19118266
9.21081081	4.22352509
9.21891892	4.25592214
9.22702703	4.28836805
9.23513514	4.32085703
9.24324324	4.35338324
9.25135135	4.38594079
9.25945946	4.41852371
9.26756757	4.45112603
9.27567568	4.4837417
9.28378378	4.51636463
9.29189189	4.5489887
9.3	4.58160773
9.30810811	4.61421554
9.31621622	4.64680587
9.32432432	4.67937246
9.33243243	4.71190898
9.34054054	4.74440912
9.34864865	4.77686651
9.35675676	4.80927475
9.36486486	4.84162745
9.37297297	4.87391816
9.38108108	4.90614043
9.38918919	4.93828781
9.3972973	4.97035381
9.40540541	5.00233193
9.41351351	5.03421569
9.42162162	5.06599858
9.42972973	5.09767408
9.43783784	5.12923568
9.44594595	5.16067687
9.45405405	5.19199115
9.46216216	5.22317202
9.47027027	5.25421298
9.47837838	5.28510755
9.48648649	5.31584926
9.49459459	5.34643166
9.5027027	5.37684831
9.51081081	5.40709281
9.51891892	5.43715877
9.52702703	5.46703981
9.53513514	5.49672962
9.54324324	5.52622187
9.55135135	5.55551032
9.55945946	5.58458871
9.56756757	5.61345086
9.57567568	5.64209062
9.58378378	5.67050188
9.59189189	5.69867856
9.6	5.72661467
9.60810811	5.75430424
9.61621622	5.78174135
9.62432432	5.80892016
9.63243243	5.83583487
9.64054054	5.86247975
9.64864865	5.88884913
9.65675676	5.9149374
9.66486486	5.94073902
9.67297297	5.96624853
9.68108108	5.99146054
9.68918919	6.01636972
9.6972973	6.04097083
9.70540541	6.06525871
9.71351351	6.08922828
9.72162162	6.11287452
9.72972973	6.13619254
9.73783784	6.1591775
9.74594595	6.18182466
9.75405405	6.20412937
9.76216216	6.22608709
9.77027027	6.24769334
9.77837838	6.26894377
9.78648649	6.28983411
9.79459459	6.3103602
9.8027027	6.33051797
9.81081081	6.35030346
9.81891892	6.36971282
9.82702703	6.3887423
9.83513514	6.40738825
9.84324324	6.42564714
9.85135135	6.44351555
9.85945946	6.46099017
9.86756757	6.47806781
9.87567568	6.49474537
9.88378378	6.5110199
9.89189189	6.52688853
9.9	6.54234854
9.90810811	6.55739731
9.91621622	6.57203233
9.92432432	6.58625124
9.93243243	6.60005178
9.94054054	6.6134318
9.94864865	6.62638931
9.95675676	6.6389224
9.96486486	6.65102931
9.97297297	6.66270839
9.98108108	6.67395814
9.98918919	6.68477714
9.9972973	6.69516413
10.0054054	6.70511796
10.0135135	6.71463761
10.0216216	6.72372219
10.0297297	6.73237092
10.0378378	6.74058316
10.0459459	6.74835838
10.0540541	6.75569619
10.0621622	6.76259631
10.0702703	6.7690586
10.0783784	6.77508304
10.0864865	6.78066971
10.0945946	6.78581885
10.1027027	6.79053079
10.1108108	6.79480601
10.1189189	6.79864509
10.127027	6.80204873
10.1351351	6.80501777
10.1432432	6.80755316
10.1513514	6.80965594
10.1594595	6.81132731
10.1675676	6.81256857
10.1756757	6.81338112
10.1837838	6.81376649
10.1918919	6.81372632
10.2	6.81326236
10.2081081	6.81237647
10.2162162	6.81107062
10.2243243	6.80934688
10.2324324	6.80720745
10.2405405	6.8046546
10.2486486	6.80169072
10.2567568	6.79831832
10.2648649	6.79453998
10.272973	6.79035839
10.2810811	6.78577635
10.2891892	6.78079673
10.2972973	6.77542251
10.3054054	6.76965676
10.3135135	6.76350264
10.3216216	6.75696339
10.3297297	6.75004234
10.3378378	6.74274291
10.3459459	6.73506859
10.3540541	6.72702297
10.3621622	6.7186097
10.3702703	6.70983251
10.3783784	6.7006952
10.3864865	6.69120166
10.3945946	6.68135582
10.4027027	6.67116171
10.4108108	6.6606234
10.4189189	6.64974504
10.427027	6.63853083
10.4351351	6.62698504
10.4432432	6.61511197
10.4513514	6.60291602
10.4594595	6.59040159
10.4675676	6.57757317
10.4756757	6.56443528
10.4837838	6.55099249
10.4918919	6.5372494
10.5	6.52321068
10.5081081	6.508881
10.5162162	6.4942651
10.5243243	6.47936774
10.5324324	6.46419369
10.5405405	6.44874779
10.5486486	6.43303488
10.5567568	6.41705983
10.5648649	6.40082754
10.572973	6.38434291
10.5810811	6.36761088
10.5891892	6.35063639
10.5972973	6.3334244
10.6054054	6.31597988
10.6135135	6.2983078
10.6216216	6.28041316
10.6297297	6.26230094
10.6378378	6.24397613
10.6459459	6.22544372
10.6540541	6.20670869
10.6621622	6.18777604
10.6702703	6.16865074
10.6783784	6.14933775
10.6864865	6.12984203
10.6945946	6.11016853
10.7027027	6.09032217
10.7108108	6.07030787
10.7189189	6.05013053
10.727027	6.02979501
10.7351351	6.00930617
10.7432432	5.98866883
10.7513514	5.9678878
10.7594595	5.94696783
10.7675676	5.92591369
10.7756757	5.90473007
10.7837838	5.88342166
10.7918919	5.8619931
10.8	5.84044898
10.8081081	5.81879389
10.8162162	5.79703235
10.8243243	5.77516884
10.8324324	5.75320781
10.8405405	5.73115365
10.8486486	5.70901073
10.8567568	5.68678335
10.8648649	5.66447576
10.872973	5.64209218
10.8810811	5.61963677
10.8891892	5.59711362
10.8972973	5.5745268
10.9054054	5.55188031
10.9135135	5.52917808
10.9216216	5.506424
10.9297297	5.48362191
10.9378378	5.46077557
10.9459459	5.4378887
10.9540541	5.41496494
10.9621622	5.39200789
10.9702703	5.36902108
10.9783784	5.34600797
10.9864865	5.32297197
10.9945946	5.29991641
11.0027027	5.27684458
11.0108108	5.25375967
11.0189189	5.23066484
11.027027	5.20756316
11.0351351	5.18445764
11.0432432	5.16135123
11.0513514	5.1382468
11.0594595	5.11514717
11.0675676	5.09205508
11.0756757	5.06897319
11.0837838	5.04590412
11.0918919	5.0228504
11.1	4.9998145
11.1081081	4.97679882
11.1162162	4.95380569
11.1243243	4.93083737
11.1324324	4.90789605
11.1405405	4.88498386
11.1486486	4.86210286
11.1567568	4.83925503
11.1648649	4.81644229
11.172973	4.7936665
11.1810811	4.77092943
11.1891892	4.7482328
11.1972973	4.72557827
11.2054054	4.70296741
11.2135135	4.68040174
11.2216216	4.65788271
11.2297297	4.6354117
11.2378378	4.61299003
11.2459459	4.59061896
11.2540541	4.56829967
11.2621622	4.5460333
11.2702703	4.52382091
11.2783784	4.50166349
11.2864865	4.479562
11.2945946	4.4575173
11.3027027	4.43553022
11.3108108	4.41360151
11.3189189	4.39173188
11.327027	4.36992197
11.3351351	4.34817236
11.3432432	4.32648357
11.3513514	4.3048561
11.3594595	4.28329034
11.3675676	4.26178667
11.3756757	4.24034539
11.3837838	4.21896677
11.3918919	4.19765101
11.4	4.17639826
11.4081081	4.15520864
11.4162162	4.13408221
11.4243243	4.11301897
11.4324324	4.09201889
11.4405405	4.07108189
11.4486486	4.05020785
11.4567568	4.0293966
11.4648649	4.00864792
11.472973	3.98796156
11.4810811	3.96733724
11.4891892	3.94677462
11.4972973	3.92627333
11.5054054	3.90583296
11.5135135	3.88545306
11.5216216	3.86513318
11.5297297	3.84487278
11.5378378	3.82467132
11.5459459	3.80452823
11.5540541	3.78444291
11.5621622	3.7644147
11.5702703	3.74444296
11.5783784	3.72452698
11.5864865	3.70466606
11.5945946	3.68485943
11.6027027	3.66510635
11.6108108	3.645406
11.6189189	3.6257576
11.627027	3.60616029
11.6351351	3.58661323
11.6432432	3.56711555
11.6513514	3.54766636
11.6594595	3.52826475
11.6675676	3.50890981
11.6756757	3.4896006
11.6837838	3.47033617
11.6918919	3.45111556
11.7	3.4319378
11.7081081	3.41280192
11.7162162	3.39370691
11.7243243	3.3746518
11.7324324	3.35563557
11.7405405	3.3366572
11.7486486	3.3177157
11.7567568	3.29881004
11.7648649	3.27993919
11.772973	3.26110214
11.7810811	3.24229787
11.7891892	3.22352534
11.7972973	3.20478354
11.8054054	3.18607144
11.8135135	3.16738803
11.8216216	3.1487323
11.8297297	3.13010323
11.8378378	3.11149982
11.8459459	3.09292108
11.8540541	3.07436602
11.8621622	3.05583365
11.8702703	3.03732301
11.8783784	3.01883314
11.8864865	3.00036307
11.8945946	2.98191188
11.9027027	2.96347864
11.9108108	2.94506243
11.9189189	2.92666236
11.927027	2.90827754
11.9351351	2.8899071
11.9432432	2.8715502
11.9513514	2.85320598
11.9594595	2.83487365
11.9675676	2.81655239
11.9756757	2.79824144
11.9837838	2.77994002
11.9918919	2.7616474
12	2.74336286
12.0081081	2.7250857
12.0162162	2.70681525
12.0243243	2.68855086
12.0324324	2.6702919
12.0405405	2.65203777
12.0486486	2.63378789
12.0567568	2.6155417
12.0648649	2.59729867
12.072973	2.57905831
12.0810811	2.56082015
12.0891892	2.54258372
12.0972973	2.52434862
12.1054054	2.50611445
12.1135135	2.48788086
12.1216216	2.4696475
12.1297297	2.45141408
12.1378378	2.43318032
12.1459459	2.41494597
12.1540541	2.39671084
12.1621622	2.37847473
12.1702703	2.36023749
12.1783784	2.34199902
12.1864865	2.32375922
12.1945946	2.30551805
12.2027027	2.28727547
12.2108108	2.26903152
12.2189189	2.25078623
12.227027	2.23253969
12.2351351	2.214292
12.2432432	2.19604333
12.2513514	2.17779385
12.2594595	2.15954379
12.2675676	2.14129339
12.2756757	2.12304294
12.2837838	2.10479278
12.2918919	2.08654325
12.3	2.06829476
12.3081081	2.05004773
12.3162162	2.03180264
12.3243243	2.01355997
12.3324324	1.99532028
12.3405405	1.97708413
12.3486486	1.95885214
12.3567568	1.94062496
12.3648649	1.92240326
12.372973	1.90418777
12.3810811	1.88597925
12.3891892	1.86777848
12.3972973	1.8495863
12.4054054	1.83140356
12.4135135	1.81323118
12.4216216	1.79507009
12.4297297	1.77692126
12.4378378	1.75878571
12.4459459	1.74066447
12.4540541	1.72255864
12.4621622	1.70446932
12.4702703	1.68639768
12.4783784	1.6683449
12.4864865	1.65031221
12.4945946	1.63230086
12.5027027	1.61431215
12.5108108	1.59634741
12.5189189	1.578408
12.527027	1.56049532
12.5351351	1.54261081
12.5432432	1.52475593
12.5513514	1.50693217
12.5594595	1.48914108
12.5675676	1.47138422
12.5756757	1.45366319
12.5837838	1.43597962
12.5918919	1.41833517
12.6	1.40073154
12.6081081	1.38317046
12.6162162	1.36565368
12.6243243	1.348183
12.6324324	1.33076022
12.6405405	1.31338721
12.6486486	1.29606583
12.6567568	1.278798
12.6648649	1.26158565
12.672973	1.24443075
12.6810811	1.22733528
12.6891892	1.21030126
12.6972973	1.19333074
12.7054054	1.17642579
12.7135135	1.1595885
12.7216216	1.14282101
12.7297297	1.12612544
12.7378378	1.10950398
12.7459459	1.09295882
12.7540541	1.07649217
12.7621622	1.06010626
12.7702703	1.04380337
12.7783784	1.02758576
12.7864865	1.01145575
12.7945946	0.995415641
12.8027027	0.979467783
12.8108108	0.963614532
12.8189189	0.94785826
12.827027	0.93220136
12.8351351	0.91664624
12.8432432	0.901195321
12.8513514	0.885851044
12.8594595	0.870615857
12.8675676	0.855492228
12.8756757	0.840482633
12.8837838	0.82558956
12.8918919	0.810815511
12.9	0.796162994
12.9081081	0.78163453
12.9162162	0.767232645
12.9243243	0.752959876
12.9324324	0.738818765
12.9405405	0.72481186
12.9486486	0.710941715
12.9567568	0.697210888
12.9648649	0.683621941
12.972973	0.670177437
12.9810811	0.656879944
12.9891892	0.643732026
12.9972973	0.630736253
13.0054054	0.61789519
13.0135135	0.605211401
13.0216216	0.59268745
13.0297297	0.580325893
13.0378378	0.568129286
13.0459459	0.556100177
13.0540541	0.54424111
13.0621622	0.532554619
13.0702703	0.521043234
13.0783784	0.509709473
13.0864865	0.498555845
13.0945946	0.487584849
13.1027027	0.476798972
13.1108108	0.466200689
13.1189189	0.455792462
13.127027	0.445576736
13.1351351	0.435555945
13.1432432	0.425732503
13.1513514	0.416108811
13.1594595	0.406687249
13.1675676	0.39747018
13.1756757	0.388459946
13.1837838	0.37965887
13.1918919	0.371069253
13.2	0.362693374
13.2081081	0.354533488
13.2162162	0.346591829
13.2243243	0.338870602
13.2324324	0.331371989
13.2405405	0.324098146
13.2486486	0.3170512
13.2567568	0.310233252
13.2648649	0.303646371
13.272973	0.297292601
13.2810811	0.291173951
13.2891892	0.285292401
13.2972973	0.2796499
13.3054054	0.274248362
13.3135135	0.269089669
13.3216216	0.264175669
13.3297297	0.259508174
13.3378378	0.255088961
13.3459459	0.250919772
13.3540541	0.24700231
13.3621622	0.243338242
13.3702703	0.239929196
13.3783784	0.236776762
13.3864865	0.23388249
13.3945946	0.23124789
13.4027027	0.228874431
13.4108108	0.226763543
13.4189189	0.224916613
13.427027	0.223334984
13.4351351	0.222019959
13.4432432	0.220972797
13.4513514	0.220194714
13.4594595	0.219686881
13.4675676	0.219450424
13.4756757	0.219486428
13.4837838	0.219795927
13.4918919	0.220379914
13.5	0.221239335
13.5081081	0.222375088
13.5162162	0.223788027
13.5243243	0.225478957
13.5324324	0.227448638
13.5405405	0.229697781
13.5486486	0.232227051
13.5567568	0.235037064
13.5648649	0.23812839
13.572973	0.241501548
13.5810811	0.245157013
13.5891892	0.249095207
13.5972973	0.253316509
13.6054054	0.257821246
13.6135135	0.262609697
13.6216216	0.267682094
13.6297297	0.273038621
13.6378378	0.278679411
13.6459459	0.284604551
13.6540541	0.29081408
13.6621622	0.297307988
13.6702703	0.304086217
13.6783784	0.311148662
13.6864865	0.318495169
13.6945946	0.326125539
13.7027027	0.334039524
13.7108108	0.342236828
13.7189189	0.350717111
13.727027	0.359479984
13.7351351	0.368525014
13.7432432	0.37785172
13.7513514	0.387459578
13.7594595	0.397348015
13.7675676	0.407516417
13.7756757	0.417964124
13.7837838	0.428690432
13.7918919	0.439694594
13.8	0.450975818
13.8081081	0.462533271
13.8162162	0.474366077
13.8243243	0.48647332
13.8324324	0.498854041
13.8405405	0.511507239
13.8486486	0.524431876
13.8567568	0.537626873
13.8648649	0.551091111
13.872973	0.564823434
13.8810811	0.578822647
13.8891892	0.593087517
13.8972973	0.607616778
13.9054054	0.622409123
13.9135135	0.637463212
13.9216216	0.652777672
13.9297297	0.668351092
13.9378378	0.68418203
13.9459459	0.70026901
13.9540541	0.716610526
13.9621622	0.733205038
13.9702703	0.750050975
13.9783784	0.767146739
13.9864865	0.784490699
13.9945946	0.802081198
14.0027027	0.819916549
14.0108108	0.837995039
14.0189189	0.856314927
14.027027	0.874874449
14.0351351	0.893671811
14.0432432	0.912705199
14.0513514	0.931972772
14.0594595	0.951472668
14.0675676	0.971203002
14.0756757	0.991161867
14.0837838	1.01134733
14.0918919	1.03175745
14.1	1.05239026
14.1081081	1.07324377
14.1162162	1.09431597
14.1243243	1.11560483
14.1324324	1.13710833
14.1405405	1.1588244
14.1486486	1.18075097
14.1567568	1.20288595
14.1648649	1.22522724
14.172973	1.24777272
14.1810811	1.27052026
14.1891892	1.29346772
14.1972973	1.31661295
14.2054054	1.33995377
14.2135135	1.36348801
14.2216216	1.38721348
14.2297297	1.41112797
14.2378378	1.43522929
14.2459459	1.45951521
14.2540541	1.4839835
14.2621622	1.50863193
14.2702703	1.53345825
14.2783784	1.55846022
14.2864865	1.58363556
14.2945946	1.60898203
14.3027027	1.63449733
14.3108108	1.6601792
14.3189189	1.68602534
14.327027	1.71203348
14.3351351	1.7382013
14.3432432	1.76452651
14.3513514	1.79100679
14.3594595	1.81763985
14.3675676	1.84442335
14.3756757	1.87135498
14.3837838	1.89843241
14.3918919	1.92565331
14.4	1.95301534
14.4081081	1.98051617
14.4162162	2.00815344
14.4243243	2.0359248
14.4324324	2.06382791
14.4405405	2.09186041
14.4486486	2.12001992
14.4567568	2.14830409
14.4648649	2.17671054
14.472973	2.20523689
14.4810811	2.23388076
14.4891892	2.26263976
14.4972973	2.29151149
14.5054054	2.32049355
14.5135135	2.34958354
14.5216216	2.37877905
14.5297297	2.40807765
14.5378378	2.43747692
14.5459459	2.46697442
14.5540541	2.49656771
14.5621622	2.52625434
14.5702703	2.55603185
14.5783784	2.58589777
14.5864865	2.61584962
14.5945946	2.64588492
14.6027027	2.67600117
14.6108108	2.70619585
14.6189189	2.73646645
14.627027	2.76681043
14.6351351	2.79722525
14.6432432	2.82770835
14.6513514	2.85825715
14.6594595	2.88886907
14.6675676	2.91954151
14.6756757	2.95027185
14.6837838	2.98105746
14.6918919	3.01189568
14.7	3.04278385
14.7081081	3.07371928
14.7162162	3.10469927
14.7243243	3.13572109
14.7324324	3.16678201
14.7405405	3.19787925
14.7486486	3.22901003
14.7567568	3.26017153
14.7648649	3.29136094
14.772973	3.3225754
14.7810811	3.35381202
14.7891892	3.38506791
14.7972973	3.41634013
14.8054054	3.44762573
14.8135135	3.47892173
14.8216216	3.51022512
14.8297297	3.54153286
14.8378378	3.57284189
14.8459459	3.60414911
14.8540541	3.63545139
14.8621622	3.66674559
14.8702703	3.69802851
14.8783784	3.72929693
14.8864865	3.7605476
14.8945946	3.79177725
14.9027027	3.82298254
14.9108108	3.85416013
14.9189189	3.88530664
14.927027	3.91641863
14.9351351	3.94749266
14.9432432	3.97852524
14.9513514	4.00951282
14.9594595	4.04045186
14.9675676	4.07133874
14.9756757	4.10216983
14.9837838	4.13294144
14.9918919	4.16364986
15	4.19429135
15.0081081	4.22486209
15.0162162	4.25535827
15.0243243	4.28577602
15.0324324	4.31611142
15.0405405	4.34636052
15.0486486	4.37651935
15.0567568	4.40658386
15.0648649	4.43655
15.072973	4.46641366
15.0810811	4.4961707
15.0891892	4.52581693
15.0972973	4.55534813
15.1054054	4.58476004
15.1135135	4.61404836
15.1216216	4.64320876
15.1297297	4.67223685
15.1378378	4.70112824
15.1459459	4.72987846
15.1540541	4.75848303
15.1621622	4.78693743
15.1702703	4.8152371
15.1783784	4.84337745
15.1864865	4.87135385
15.1945946	4.89916164
15.2027027	4.92679613
15.2108108	4.95425259
15.2189189	4.98152626
15.227027	5.00861236
15.2351351	5.03550607
15.2432432	5.06220254
15.2513514	5.0886969
15.2594595	5.11498424
15.2675676	5.14105965
15.2756757	5.16691816
15.2837838	5.19255481
15.2918919	5.21796461
15.3	5.24314252
15.3081081	5.26808352
15.3162162	5.29278255
15.3243243	5.31723455
15.3324324	5.34143441
15.3405405	5.36537705
15.3486486	5.38905735
15.3567568	5.41247018
15.3648649	5.43561042
15.372973	5.45847293
15.3810811	5.48105255
15.3891892	5.50334414
15.3972973	5.52534255
15.4054054	5.54704262
15.4135135	5.56843921
15.4216216	5.58952716
15.4297297	5.61030134
15.4378378	5.63075661
15.4459459	5.65088784
15.4540541	5.67068993
15.4621622	5.69015776
15.4702703	5.70928627
15.4783784	5.72807037
15.4864865	5.74650502
15.4945946	5.76458519
15.5027027	5.78230589
15.5108108	5.79966214
15.5189189	5.816649
15.527027	5.83326154
15.5351351	5.84949489
15.5432432	5.86534421
15.5513514	5.88080467
15.5594595	5.89587153
15.5675676	5.91054004
15.5756757	5.92480555
15.5837838	5.9386634
15.5918919	5.95210902
15.6	5.96513788
15.6081081	5.97774552
15.6162162	5.9899275
15.6243243	6.00167947
15.6324324	6.01299715
15.6405405	6.0238763
15.6486486	6.03431275
15.6567568	6.04430242
15.6648649	6.05384128
15.672973	6.06292538
15.6810811	6.07155087
15.6891892	6.07971395
15.6972973	6.08741091
15.7054054	6.09463812
15.7135135	6.10139206
15.7216216	6.10766926
15.7297297	6.11346639
15.7378378	6.11878017
15.7459459	6.12360743
15.7540541	6.12794512
15.7621622	6.13179025
15.7702703	6.13513997
15.7783784	6.13799152
15.7864865	6.14034224
15.7945946	6.14218959
15.8027027	6.14353115
15.8108108	6.14436458
15.8189189	6.14468769
15.827027	6.14449839
15.8351351	6.14379472
15.8432432	6.14257483
15.8513514	6.140837
15.8594595	6.13857964
15.8675676	6.13580128
15.8756757	6.13250058
15.8837838	6.12867632
15.8918919	6.12432744
15.9	6.11945298
15.9081081	6.11405214
15.9162162	6.10812424
15.9243243	6.10166875
15.9324324	6.09468526
15.9405405	6.08717354
15.9486486	6.07913346
15.9567568	6.07056504
15.9648649	6.06146847
15.972973	6.05184406
15.9810811	6.04169227
15.9891892	6.03101372
15.9972973	6.01980915
16.0054054	6.00807947
16.0135135	5.99582575
16.0216216	5.98304917
16.0297297	5.9697511
16.0378378	5.95593303
16.0459459	5.94159663
16.0540541	5.92674369
16.0621622	5.91137617
16.0702703	5.89549618
16.0783784	5.87910597
16.0864865	5.86220797
16.0945946	5.84480471
16.1027027	5.82689893
16.1108108	5.80849347
16.1189189	5.78959135
16.127027	5.77019574
16.1351351	5.75030994
16.1432432	5.72993742
16.1513514	5.70908178
16.1594595	5.68774678
16.1675676	5.66593631
16.1756757	5.64365443
16.1837838	5.62090532
16.1918919	5.59769332
16.2	5.57402291
16.2081081	5.5498987
