# delay_us	theta_over_pi_weighted_mean	rel_deviation_percent
-1	1.94994022	-64.7595194
-0.995	1.96686864	-64.4535789
-0.99	1.98384934	-64.1466936
-0.985	2.00088177	-63.8388732
-0.98	2.01796539	-63.5301279
-0.975	2.03509965	-63.2204674
-0.97	2.05228399	-62.9099017
-0.965	2.06951787	-62.5984408
-0.96	2.08680074	-62.2860946
-0.955	2.10413203	-61.9728731
-0.95	2.1215112	-61.6587864
-0.945	2.1389377	-61.3438443
-0.94	2.15641097	-61.028057
-0.935	2.17393045	-60.7114345
-0.93	2.1914956	-60.3939867
-0.925	2.20910585	-60.0757238
-0.92	2.22676064	-59.7566558
-0.915	2.24445943	-59.4367928
-0.91	2.26220165	-59.1161449
-0.905	2.27998673	-58.7947222
-0.9	2.29781413	-58.4725348
-0.895	2.31568329	-58.1495929
-0.89	2.33359363	-57.8259065
-0.885	2.35154459	-57.501486
-0.88	2.36953562	-57.1763414
-0.875	2.38756615	-56.850483
-0.87	2.40563561	-56.523921
-0.865	2.42374343	-56.1966656
-0.86	2.44188905	-55.8687271
-0.855	2.4600719	-55.5401158
-0.85	2.47829142	-55.2108419
-0.845	2.49654702	-54.8809158
-0.84	2.51483813	-54.5503479
-0.835	2.53316419	-54.2191484
-0.83	2.55152462	-53.8873278
-0.825	2.56991884	-53.5548965
-0.82	2.58834628	-53.2218648
-0.815	2.60680636	-52.8882433
-0.81	2.62529849	-52.5540425
-0.805	2.6438221	-52.2192728
-0.8	2.6623766	-51.8839448
-0.795	2.68096142	-51.548069
-0.79	2.69957595	-51.211656
-0.785	2.71821962	-50.8747165
-0.78	2.73689184	-50.5372611
-0.775	2.75559201	-50.1993005
-0.77	2.77431954	-49.8608454
-0.765	2.79307384	-49.5219065
-0.76	2.81185431	-49.1824946
-0.755	2.83066036	-48.8426206
-0.75	2.84949137	-48.5022952
-0.745	2.86834676	-48.1615295
-0.74	2.88722591	-47.8203342
-0.735	2.90612822	-47.4787204
-0.73	2.92505308	-47.1366991
-0.725	2.94399988	-46.7942813
-0.72	2.962968	-46.4514781
-0.715	2.98195683	-46.1083006
-0.71	3.00096576	-45.76476
-0.705	3.01999415	-45.4208676
-0.7	3.03904139	-45.0766345
-0.695	3.05810685	-44.7320721
-0.69	3.07718991	-44.3871918
-0.685	3.09628992	-44.0420049
-0.68	3.11540627	-43.696523
-0.675	3.1345383	-43.3507574
-0.67	3.15368539	-43.0047199
-0.665	3.17284688	-42.658422
-0.66	3.19202214	-42.3118753
-0.655	3.21121051	-41.9650916
-0.65	3.23041134	-41.6180827
-0.645	3.24962399	-41.2708604
-0.64	3.26884778	-40.9234367
-0.635	3.28808205	-40.5758234
-0.63	3.30732615	-40.2280325
-0.625	3.32657941	-39.8800763
-0.62	3.34584114	-39.5319667
-0.615	3.36511068	-39.1837161
-0.61	3.38438735	-38.8353366
-0.605	3.40367047	-38.4868407
-0.6	3.42295934	-38.1382407
-0.595	3.44225328	-37.7895492
-0.59	3.46155159	-37.4407785
-0.585	3.48085358	-37.0919415
-0.58	3.50015855	-36.7430507
-0.575	3.51946578	-36.3941189
-0.57	3.53877456	-36.045159
-0.565	3.55808419	-35.6961839
-0.56	3.57739395	-35.3472065
-0.555	3.59670311	-34.9982399
-0.55	3.61601094	-34.6492973
-0.545	3.63531671	-34.3003918
-0.54	3.65461969	-33.9515369
-0.535	3.67391914	-33.6027457
-0.53	3.69321431	-33.2540319
-0.525	3.71250445	-32.905409
-0.52	3.73178881	-32.5568906
-0.515	3.75106663	-32.2084904
-0.51	3.77033715	-31.8602221
-0.505	3.78959959	-31.5120998
-0.5	3.80885318	-31.1641374
-0.495	3.82809716	-30.8163489
-0.49	3.84733072	-30.4687484
-0.485	3.86655309	-30.1213504
-0.48	3.88576347	-29.7741689
-0.475	3.90496106	-29.4272186
-0.47	3.92414507	-29.0805138
-0.465	3.94331467	-28.7340693
-0.46	3.96246907	-28.3878997
-0.455	3.98160743	-28.0420198
-0.45	4.00072894	-27.6964445
-0.445	4.01983276	-27.3511888
-0.44	4.03891807	-27.0062678
-0.435	4.05798401	-26.6616967
-0.43	4.07702976	-26.3174907
-0.425	4.09605444	-25.9736652
-0.42	4.11505722	-25.6302358
-0.415	4.13403722	-25.2872179
-0.41	4.15299358	-24.9446272
-0.405	4.17192543	-24.6024796
-0.4	4.19083188	-24.2607909
-0.395	4.20971206	-23.9195771
-0.39	4.22856507	-23.5788543
-0.385	4.24739002	-23.2386385
-0.38	4.26618601	-22.8989462
-0.375	4.28495213	-22.5597937
-0.37	4.30368747	-22.2211975
-0.365	4.32239111	-21.8831742
-0.36	4.34106213	-21.5457404
-0.355	4.3596996	-21.208913
-0.35	4.37830258	-20.8727089
-0.345	4.39687013	-20.537145
-0.34	4.41540131	-20.2022385
-0.335	4.43389517	-19.8680065
-0.33	4.45235074	-19.5344664
-0.325	4.47076707	-19.2016356
-0.32	4.48914318	-18.8695315
-0.315	4.5074781	-18.5381719
-0.31	4.52577085	-18.2075744
-0.305	4.54402045	-17.8777568
-0.3	4.5622259	-17.5487371
-0.295	4.58038621	-17.2205332
-0.29	4.59850037	-16.8931634
-0.285	4.61656737	-16.5666457
-0.28	4.6345862	-16.2409986
-0.275	4.65255585	-15.9162405
-0.27	4.67047528	-15.5923898
-0.265	4.68834347	-15.2694652
-0.26	4.70615938	-14.9474855
-0.255	4.72392197	-14.6264694
-0.25	4.7416302	-14.3064358
-0.245	4.75928301	-13.9874037
-0.24	4.77687934	-13.6693923
-0.235	4.79441814	-13.3524207
-0.23	4.81189833	-13.0365082
-0.225	4.82931885	-12.7216742
-0.22	4.84667862	-12.4079382
-0.215	4.86397655	-12.0953197
-0.21	4.88121156	-11.7838384
-0.205	4.89838255	-11.4735139
-0.2	4.91548843	-11.1643662
-0.195	4.93252811	-10.8564151
-0.19	4.94950046	-10.5496807
-0.185	4.96640438	-10.2441829
-0.18	4.98323876	-9.93994202
-0.175	5.00000247	-9.63697821
-0.17	5.0166944	-9.33531181
-0.165	5.03331341	-9.0349632
-0.16	5.04985836	-8.73595287
-0.155	5.06632814	-8.43830134
-0.15	5.08272158	-8.14202925
-0.145	5.09903755	-7.84715726
-0.14	5.11527491	-7.55370615
-0.135	5.13143249	-7.26169672
-0.13	5.14750914	-6.97114988
-0.125	5.16350371	-6.68208657
-0.12	5.17941502	-6.39452781
-0.115	5.19524192	-6.10849467
-0.11	5.21098323	-5.82400829
-0.105	5.22663779	-5.54108985
-0.1	5.24220441	-5.2597606
-0.095	5.25768192	-4.98004183
-0.09	5.27306914	-4.70195488
-0.085	5.28836488	-4.42552115
-0.08	5.30356795	-4.15076208
-0.075	5.31867718	-3.87769913
-0.07	5.33369137	-3.60635384
-0.065	5.34860932	-3.33674777
-0.06	5.36342984	-3.06890249
-0.055	5.37815173	-2.80283965
-0.05	5.3927738	-2.53858091
-0.045	5.40729485	-2.27614794
-0.04	5.42171366	-2.01556246
-0.035	5.43602905	-1.7568462
-0.03	5.45023981	-1.50002092
-0.025	5.46434473	-1.2451084
-0.02	5.47834261	-0.992130419
-0.015	5.49223224	-0.741108775
-0.01	5.50601241	-0.492065281
-0.005	5.51968192	-0.24502175
0	5.53323956	0
0.005	5.54668413	0.242978149
0.01	5.56001441	0.483890882
0.015	5.57322919	0.722716388
0.02	5.58632728	0.959432866
0.025	5.59930747	1.19401853
0.03	5.61216855	1.42645159
0.035	5.62490931	1.65671031
0.04	5.63752857	1.88477294
0.045	5.6500251	2.11061778
0.05	5.66239772	2.33422314
0.055	5.67464523	2.55556738
0.06	5.68676643	2.77462886
0.065	5.69876012	2.99138603
0.07	5.71062512	3.20581733
0.075	5.72236023	3.41790128
0.08	5.73396427	3.62761643
0.085	5.74543606	3.83494139
0.09	5.75677441	4.03985482
0.095	5.76797815	4.24233545
0.1	5.7790461	4.44236206
0.105	5.78997709	4.63991349
0.11	5.80076996	4.83496868
0.115	5.81142355	5.02750661
0.12	5.82193669	5.21750636
0.125	5.83230823	5.40494708
0.13	5.84253703	5.58980799
0.135	5.85262194	5.77206843
0.14	5.86256182	5.95170782
0.145	5.87235553	6.12870566
0.15	5.88200195	6.30304156
0.155	5.89149996	6.47469525
0.16	5.90084844	6.64364654
0.165	5.91004628	6.80987537
0.17	5.91909238	6.97336179
0.175	5.92798563	7.13408595
0.18	5.93672495	7.29202816
0.185	5.94530926	7.44716883
0.19	5.95373747	7.59948851
0.195	5.96200852	7.74896787
0.2	5.97012135	7.89558774
0.205	5.9780749	8.03932908
0.21	5.98586813	8.18017299
0.215	5.99350001	8.31810075
0.22	6.00096949	8.45309375
0.225	6.00827557	8.58513358
0.23	6.01541723	8.71420196
0.235	6.02239348	8.84028079
0.24	6.02920331	8.96335215
0.245	6.03584575	9.08339827
0.25	6.04231982	9.20040158
0.255	6.04862457	9.31434468
0.26	6.05475903	9.42521036
0.265	6.06072227	9.5329816
0.27	6.06651336	9.63764158
0.275	6.07213137	9.73917365
0.28	6.0775754	9.8375614
0.285	6.08284455	9.9327886
0.29	6.08793793	10.0248392
0.295	6.09285468	10.1136975
0.3	6.09759391	10.1993478
0.305	6.1021548	10.2817749
0.31	6.10653649	10.3609635
0.315	6.11073817	10.4368987
0.32	6.11475902	10.5095659
0.325	6.11859825	10.5789507
0.33	6.12225506	10.6450388
0.335	6.12572869	10.7078162
0.34	6.12901837	10.7672694
0.345	6.13212337	10.8233848
0.35	6.13504295	10.8761492
0.355	6.1377764	10.9255497
0.36	6.14032301	10.9715736
0.365	6.1426821	11.0142085
0.37	6.144853	11.0534422
0.375	6.14683505	11.0892629
0.38	6.1486276	11.121659
0.385	6.15023004	11.1506192
0.39	6.15164174	11.1761324
0.395	6.15286213	11.1981879
0.4	6.15389061	11.2167753
0.405	6.15472663	11.2318844
0.41	6.15536964	11.2435053
0.415	6.15581912	11.2516284
0.42	6.15607454	11.2562446
0.425	6.15613542	11.2573449
0.43	6.15600128	11.2549206
0.435	6.15567166	11.2489634
0.44	6.1551461	11.2394653
0.445	6.1544242	11.2264186
0.45	6.15350553	11.2098159
0.455	6.15238972	11.1896503
0.46	6.15107638	11.1659149
0.465	6.14956517	11.1386034
0.47	6.14785575	11.1077098
0.475	6.14594781	11.0732283
0.48	6.14384104	11.0351535
0.485	6.14153518	10.9934805
0.49	6.13902995	10.9482046
0.495	6.13632512	10.8993214
0.5	6.13342048	10.8468268
0.505	6.13031581	10.7907174
0.51	6.12701093	10.7309897
0.515	6.12350569	10.6676409
0.52	6.11979994	10.6006685
0.525	6.11589357	10.5300701
0.53	6.11178646	10.4558439
0.535	6.10747853	10.3779885
0.54	6.10296973	10.2965028
0.545	6.09826001	10.211386
0.55	6.09334936	10.1226377
0.555	6.08823777	10.030258
0.56	6.08292526	9.93424717
0.565	6.07741188	9.83460603
0.57	6.07169768	9.73133569
0.575	6.06578276	9.62443766
0.58	6.05966721	9.51391383
0.585	6.05335116	9.39976648
0.59	6.04683476	9.28199825
0.595	6.04011818	9.1606122
0.6	6.03320161	9.03561175
0.605	6.02608525	8.90700071
0.61	6.01876934	8.77478328
0.615	6.01125414	8.63896407
0.62	6.00353992	8.49954805
0.625	5.99562697	8.35654059
0.63	5.98751563	8.20994747
0.635	5.97920621	8.05977484
0.64	5.9706991	7.90602924
0.645	5.96199467	7.74871763
0.65	5.95309333	7.58784735
0.655	5.94399551	7.42342612
0.66	5.93470166	7.25546207
0.665	5.92521225	7.08396373
0.67	5.91552777	6.90894001
0.675	5.90564873	6.73040024
0.68	5.89557568	6.5483541
0.685	5.88530918	6.36281172
0.69	5.8748498	6.17378358
0.695	5.86419815	5.98128057
0.7	5.85335485	5.785314
0.705	5.84232054	5.58589553
0.71	5.83109591	5.38303723
0.715	5.81968163	5.17675158
0.72	5.80807842	4.96705144
0.725	5.79628701	4.75395005
0.73	5.78430815	4.53746105
0.735	5.77214263	4.31759848
0.74	5.75979124	4.09437675
0.745	5.74725479	3.86781067
0.75	5.73453414	3.63791544
0.755	5.72163014	3.40470662
0.76	5.70854367	3.16820019
0.765	5.69527564	2.92841248
0.77	5.68182698	2.68536022
0.775	5.66819863	2.43906052
0.78	5.65439155	2.18953086
0.785	5.64040674	1.9367891
0.79	5.62624521	1.68085347
0.795	5.61190799	1.42174258
0.8	5.59739611	1.15947539
0.805	5.58271067	0.894071268
0.81	5.56785274	0.625549911
0.815	5.55282344	0.353931397
0.82	5.53762389	0.0792361616
0.825	5.52225525	-0.198514998
0.83	5.50671869	-0.479300929
0.835	5.49101541	-0.763100123
0.84	5.47514659	-1.04989072
0.845	5.45911349	-1.33965051
0.85	5.44291734	-1.63235695
0.855	5.42655942	-1.92798712
0.86	5.410041	-2.22651779
0.865	5.3933634	-2.52792539
0.87	5.37652793	-2.83218599
0.875	5.35953594	-3.13927536
0.88	5.34238878	-3.44916893
0.885	5.32508785	-3.76184179
0.89	5.30763452	-4.07726873
0.895	5.29003021	-4.3954242
0.9	5.27227636	-4.71628236
0.905	5.25437441	-5.03981705
0.91	5.23632583	-5.36600178
0.915	5.2181321	-5.69480979
0.92	5.19979471	-6.02621399
0.925	5.18131518	-6.36018703
0.93	5.16269504	-6.69670122
0.935	5.14393584	-7.03572863
0.94	5.12503915	-7.377241
0.945	5.10600653	-7.72120983
0.95	5.08683958	-8.06760632
0.955	5.06753991	-8.4164014
0.96	5.04810915	-8.76756574
0.965	5.02854892	-9.12106974
0.97	5.00886089	-9.47688356
0.975	4.98904672	-9.83497707
0.98	4.96910809	-10.1953199
0.985	4.94904669	-10.5578815
0.99	4.92886423	-10.922631
0.995	4.90856242	-11.2895372
1	4.88814301	-11.658569
