# t_us	I_over_time_mean
0	2.345675
0.0162216234	2.35217465
0.0324432468	2.35786856
0.0486648703	2.3627413
0.0648864937	2.3667781
0.0811081171	2.36996495
0.0973297405	2.37228863
0.113551364	2.37373676
0.129772987	2.37429783
0.145994611	2.37396124
0.162216234	2.37271739
0.178437858	2.37055764
0.194659481	2.36747443
0.210881105	2.36346124
0.227102728	2.35851268
0.243324351	2.35262452
0.259545975	2.34579366
0.275767598	2.33801824
0.291989222	2.32929761
0.308210845	2.31963236
0.324432468	2.30902436
0.340654092	2.29747676
0.356875715	2.28499399
0.373097339	2.27158181
0.389318962	2.25724728
0.405540586	2.2419988
0.421762209	2.22584607
0.437983832	2.20880011
0.454205456	2.19087326
0.470427079	2.17207917
0.486648703	2.15243277
0.502870326	2.13195028
0.51909195	2.11064918
0.535313573	2.08854818
0.551535196	2.0656672
0.56775682	2.04202735
0.583978443	2.01765089
0.600200067	1.9925612
0.61642169	1.96678275
0.632643314	1.94034104
0.648864937	1.91326255
0.66508656	1.88557474
0.681308184	1.85730596
0.697529807	1.8284854
0.713751431	1.79914305
0.729973054	1.76930965
0.746194678	1.73901661
0.762416301	1.70829597
0.778637924	1.6771803
0.794859548	1.64570271
0.811081171	1.6138967
0.827302795	1.58179615
0.843524418	1.54943524
0.859746041	1.51684835
0.875967665	1.48407005
0.892189288	1.45113497
0.908410912	1.41807777
0.924632535	1.38493305
0.940854159	1.35173528
0.957075782	1.31851875
0.973297405	1.28531748
0.989519029	1.25216513
1.00574065	1.219095
1.02196228	1.18613989
1.0381839	1.15333209
1.05440552	1.12070326
1.07062715	1.08828442
1.08684877	1.05610587
1.10307039	1.02419711
1.11929202	0.992586824
1.13551364	0.961302792
1.15173526	0.930371853
1.16795689	0.899819855
1.18417851	0.86967161
1.20040013	0.839950847
1.21662176	0.810680176
1.23284338	0.78188105
1.249065	0.753573732
1.26528663	0.725777266
1.28150825	0.698509449
1.29772987	0.671786811
1.3139515	0.645624596
1.33017312	0.620036742
1.34639474	0.595035878
1.36261637	0.570633311
1.37883799	0.546839022
1.39505961	0.523661669
1.41128124	0.501108591
1.42750286	0.479185812
1.44372448	0.457898059
1.45994611	0.437248771
1.47616773	0.417240122
1.49238936	0.397873043
1.50861098	0.379147246
1.5248326	0.361061258
1.54105423	0.343612448
1.55727585	0.326797069
1.57349747	0.310610294
1.5897191	0.295046258
1.60594072	0.280098104
1.62216234	0.265758031
1.63838397	0.252017344
1.65460559	0.238866503
1.67082721	0.226295182
1.68704884	0.214292324
1.70327046	0.202846199
1.71949208	0.191944461
1.73571371	0.181574215
1.75193533	0.171722072
1.76815695	0.162374219
1.78437858	0.153516477
1.8006002	0.145134367
1.81682182	0.137213178
1.83304345	0.129738024
1.84926507	0.122693917
1.86548669	0.116065824
1.88170832	0.109838732
1.89792994	0.103997713
1.91415156	0.098527981
1.93037319	0.0934149566
1.94659481	0.0886443216
1.96281643	0.084202078
1.97903806	0.0800746021
1.99525968	0.076248698
2.0114813	0.0727116477
2.02770293	0.0694512598
2.04392455	0.0664559149
2.06014617	0.0637146086
2.0763678	0.0612169918
2.09258942	0.0589534073
2.10881105	0.0569149241
2.12503267	0.0550933681
2.14125429	0.0534813492
2.15747592	0.0520722851
2.17369754	0.0508604222
2.18991916	0.0498408518
2.20614079	0.0490095236
2.22236241	0.0483632553
2.23858403	0.0478997377
2.25480566	0.0476175379
2.27102728	0.0475160965
2.2872489	0.047595723
2.30347053	0.0478575866
2.31969215	0.0483037034
2.33591377	0.0489369202
2.3521354	0.0497608951
2.36835702	0.0507800734
2.38457864	0.051999662
2.40080027	0.0534255989
2.41702189	0.0550645204
2.43324351	0.0569237253
2.44946514	0.0590111353
2.46568676	0.0613352542
2.48190838	0.0639051228
2.49813001	0.066730273
2.51435163	0.0698206779
2.53057325	0.0731867014
2.54679488	0.0768390449
2.5630165	0.0807886926
2.57923812	0.0850468556
2.59545975	0.0896249135
2.61168137	0.0945343569
2.62790299	0.0997867267
2.64412462	0.105393555
2.66034624	0.111366302
2.67656786	0.1177163
2.69278949	0.124454687
2.70901111	0.131592347
2.72523274	0.139139852
2.74145436	0.147107402
2.75767598	0.155504763
2.77389761	0.164341211
2.79011923	0.173625476
2.80634085	0.183365685
2.82256248	0.193569311
2.8387841	0.204243118
2.85500572	0.215393112
2.87122735	0.227024498
2.88744897	0.239141627
2.90367059	0.251747961
2.91989222	0.264846028
2.93611384	0.278437385
2.95233546	0.292522588
2.96855709	0.307101158
2.98477871	0.322171552
3.00100033	0.337731141
3.01722196	0.353776187
3.03344358	0.370301826
3.0496652	0.387302055
3.06588683	0.404769718
3.08210845	0.422696504
3.09833007	0.441072939
3.1145517	0.45988839
3.13077332	0.479131065
3.14699494	0.498788026
3.16321657	0.518845196
3.17943819	0.539287375
3.19565981	0.560098262
3.21188144	0.581260473
3.22810306	0.602755566
3.24432468	0.624564074
3.26054631	0.646665536
3.27676793	0.66903853
3.29298956	0.691660713
3.30921118	0.714508865
3.3254328	0.737558928
3.34165443	0.760786058
3.35787605	0.784164672
3.37409767	0.807668499
3.3903193	0.831270637
3.40654092	0.854943607
3.42276254	0.878659412
3.43898417	0.902389595
3.45520579	0.926105302
3.47142741	0.949777345
3.48764904	0.973376264
3.50387066	0.996872391
3.52009228	1.02023592
3.53631391	1.04343696
3.55253553	1.06644562
3.56875715	1.08923207
3.58497878	1.11176658
3.6012004	1.13401963
3.61742202	1.15596195
3.63364365	1.17756458
3.64986527	1.19879895
3.66608689	1.21963693
3.68230852	1.24005089
3.69853014	1.26001379
3.71475176	1.27949918
3.73097339	1.29848133
3.74719501	1.31693521
3.76341663	1.3348366
3.77963826	1.35216212
3.79585988	1.36888926
3.8120815	1.38499647
3.82830313	1.40046315
3.84452475	1.41526973
3.86074637	1.42939769
3.876968	1.44282961
3.89318962	1.45554916
3.90941125	1.4675412
3.92563287	1.47879172
3.94185449	1.48928795
3.95807612	1.49901831
3.97429774	1.50797244
3.99051936	1.51614127
4.00674099	1.52351693
4.02296261	1.53009285
4.03918423	1.5358637
4.05540586	1.54082543
4.07162748	1.54497522
4.0878491	1.54831155
4.10407073	1.5508341
4.12029235	1.5525438
4.13651397	1.5534428
4.1527356	1.55353443
4.16895722	1.55282322
4.18517884	1.55131483
4.20140047	1.54901607
4.21762209	1.54593483
4.23384371	1.54208006
4.25006534	1.53746178
4.26628696	1.53209098
4.28250858	1.52597961
4.29873021	1.51914056
4.31495183	1.5115876
4.33117345	1.50333533
4.34739508	1.49439917
4.3636167	1.48479527
4.37983832	1.47454052
4.39605995	1.46365243
4.41228157	1.45214918
4.42850319	1.44004946
4.44472482	1.42737254
4.46094644	1.41413812
4.47716807	1.40036635
4.49338969	1.38607775
4.50961131	1.37129317
4.52583294	1.35603374
4.54205456	1.34032085
4.55827618	1.32417604
4.57449781	1.30762104
4.59071943	1.29067765
4.60694105	1.27336774
4.62316268	1.2557132
4.6393843	1.23773589
4.65560592	1.21945761
4.67182755	1.20090005
4.68804917	1.18208478
4.70427079	1.16303318
4.72049242	1.14376643
4.73671404	1.12430548
4.75293566	1.10467101
4.76915729	1.08488341
4.78537891	1.06496274
4.80160053	1.04492874
4.81782216	1.02480076
4.83404378	1.00459778
4.8502654	0.984338396
4.86648703	0.964040761
4.88270865	0.943722613
4.89893027	0.923401247
4.9151519	0.903093509
4.93137352	0.882815786
4.94759514	0.862584004
4.96381677	0.84241362
4.98003839	0.822319625
4.99626001	0.802316539
5.01248164	0.782418416
5.02870326	0.762638846
5.04492488	0.742990958
5.06114651	0.723487429
5.07736813	0.70414049
5.09358976	0.684961936
5.10981138	0.665963133
5.126033	0.647155033
5.14225463	0.628548182
5.15847625	0.610152736
5.17469787	0.591978475
5.1909195	0.574034815
5.20714112	0.556330823
5.22336274	0.538875235
5.23958437	0.52167647
5.25580599	0.504742645
5.27202761	0.488081594
5.28824924	0.471700882
5.30447086	0.455607821
5.32069248	0.439809487
5.33691411	0.424312734
5.35313573	0.409124212
5.36935735	0.394250378
5.38557898	0.379697515
5.4018006	0.365471739
5.41802222	0.351579018
5.43424385	0.338025181
5.45046547	0.32481593
5.46668709	0.311956849
5.48290872	0.299453413
5.49913034	0.287310998
5.51535196	0.275534888
5.53157359	0.264130278
5.54779521	0.253102281
5.56401683	0.242455929
5.58023846	0.23219618
5.59646008	0.222327912
5.6126817	0.212855928
5.62890333	0.203784954
5.64512495	0.195119632
5.66134657	0.186864519
5.6775682	0.17902408
5.69378982	0.171602685
5.71001145	0.164604594
5.72623307	0.158033955
5.74245469	0.15189479
5.75867632	0.146190984
5.77489794	0.140926273
5.79111956	0.136104233
5.80734119	0.131728261
5.82356281	0.127801565
5.83978443	0.124327144
5.85600606	0.121307777
5.87222768	0.118746
5.8884493	0.116644091
5.90467093	0.115004053
5.92089255	0.113827597
5.93711417	0.113116117
5.9533358	0.11287068
5.96955742	0.113092002
5.98577904	0.113780429
6.00200067	0.114935923
6.01822229	0.116558038
6.03444391	0.118645908
6.05066554	0.121198224
6.06688716	0.124213223
6.08310878	0.127688665
6.09933041	0.131621826
6.11555203	0.136009475
6.13177365	0.140847867
6.14799528	0.146132725
6.1642169	0.151859234
6.18043852	0.158022025
6.19666015	0.164615172
6.21288177	0.171632177
6.22910339	0.179065972
6.24532502	0.186908907
6.26154664	0.19515275
6.27776827	0.203788687
6.29398989	0.212807317
6.31021151	0.222198658
6.32643314	0.231952148
6.34265476	0.242056651
6.35887638	0.252500462
6.37509801	0.263271318
6.39131963	0.274356405
6.40754125	0.285742374
6.42376288	0.297415352
6.4399845	0.309360957
6.45620612	0.321564317
6.47242775	0.334010089
6.48864937	0.346682478
6.50487099	0.359565258
6.52109262	0.372641803
6.53731424	0.385895101
6.55353586	0.399307792
6.56975749	0.412862187
6.58597911	0.426540304
6.60220073	0.440323896
6.61842236	0.454194483
6.63464398	0.468133385
6.6508656	0.482121757
6.66708723	0.496140623
6.68330885	0.510170912
6.69953047	0.524193494
6.7157521	0.538189218
6.73197372	0.55213895
6.74819534	0.566023608
6.76441697	0.579824204
6.78063859	0.593521879
6.79686021	0.607097943
6.81308184	0.620533914
6.82930346	0.633811553
6.84552508	0.646912906
6.86174671	0.659820338
6.87796833	0.672516569
6.89418996	0.684984716
6.91041158	0.697208319
6.9266332	0.709171385
6.94285483	0.720858414
6.95907645	0.732254434
6.97529807	0.743345035
6.9915197	0.754116392
7.00774132	0.7645553
7.02396294	0.774649198
7.04018457	0.784386193
7.05640619	0.793755086
7.07262781	0.802745394
7.08884944	0.811347369
7.10507106	0.819552014
7.12129268	0.827351106
7.13751431	0.834737204
7.15373593	0.841703665
7.16995755	0.848244651
7.18617918	0.854355144
7.2024008	0.860030944
7.21862242	0.86526868
7.23484405	0.870065807
7.25106567	0.874420611
7.26728729	0.878332202
7.28350892	0.881800514
7.29973054	0.884826296
7.31595216	0.887411105
7.33217379	0.889557294
7.34839541	0.891268005
7.36461703	0.892547147
7.38083866	0.893399388
7.39706028	0.893830133
7.4132819	0.893845502
7.42950353	0.893452318
7.44572515	0.892658074
7.46194678	0.891470916
7.4781684	0.889899615
7.49439002	0.88795354
7.51061165	0.885642632
7.52683327	0.882977372
7.54305489	0.879968753
7.55927652	0.876628251
7.57549814	0.872967787
7.59171976	0.868999702
7.60794139	0.86473672
7.62416301	0.860191916
7.64038463	0.855378681
7.65660626	0.850310691
7.67282788	0.845001869
7.6890495	0.839466356
7.70527113	0.833718473
7.72149275	0.827772692
7.73771437	0.821643596
7.753936	0.815345855
7.77015762	0.808894187
7.78637924	0.802303331
7.80260087	0.795588015
7.81882249	0.788762924
7.83504411	0.781842676
7.85126574	0.774841791
7.86748736	0.767774665
7.88370898	0.760655546
7.89993061	0.75349851
7.91615223	0.746317436
7.93237385	0.739125987
7.94859548	0.73193759
7.9648171	0.724765417
7.98103872	0.71762237
7.99726035	0.710521064
8.01348197	0.703473815
8.02970359	0.696492625
8.04592522	0.689589177
8.06214684	0.682774823
8.07836847	0.676060578
8.09459009	0.669457114
8.11081171	0.662974757
8.12703334	0.656623485
8.14325496	0.650412928
8.15947658	0.644352368
8.17569821	0.638450743
8.19191983	0.632716649
8.20814145	0.627158346
8.22436308	0.621783768
8.2405847	0.616600525
8.25680632	0.611615918
8.27302795	0.606836945
8.28924957	0.602270316
8.30547119	0.597922463
8.32169282	0.593799552
8.33791444	0.5899075
8.35413606	0.586251989
8.37035769	0.58283848
8.38657931	0.579672228
8.40280093	0.576758301
8.41902256	0.574101595
8.43524418	0.571706849
8.4514658	0.569578663
8.46768743	0.567721515
8.48390905	0.566139778
8.50013067	0.564837733
8.5163523	0.56381959
8.53257392	0.563089497
8.54879554	0.562651562
8.56501717	0.562509862
8.58123879	0.562668458
8.59746041	0.563131409
8.61368204	0.563902783
8.62990366	0.564986667
8.64612529	0.566387179
8.66234691	0.568108474
8.67856853	0.570154753
8.69479016	0.57253027
8.71101178	0.575239335
8.7272334	0.57828632
8.74345503	0.58167566
8.75967665	0.585411851
8.77589827	0.589499456
8.7921199	0.593943095
8.80834152	0.598747448
8.82456314	0.603917247
8.84078477	0.609457266
8.85700639	0.615372321
8.87322801	0.621667252
8.88944964	0.628346917
8.90567126	0.635416176
8.92189288	0.642879882
8.93811451	0.65074286
8.95433613	0.659009894
8.97055775	0.667685706
8.98677938	0.676774941
9.003001	0.686282144
9.01922262	0.696211738
9.03544425	0.706568004
9.05166587	0.717355055
9.06788749	0.728576816
9.08410912	0.740236994
9.10033074	0.752339056
9.11655236	0.764886204
9.13277399	0.777881345
9.14899561	0.791327066
9.16521723	0.805225609
9.18143886	0.819578842
9.19766048	0.834388232
9.2138821	0.849654817
9.23010373	0.865379185
9.24632535	0.88156144
9.26254698	0.898201182
9.2787686	0.915297481
9.29499022	0.93284885
9.31121185	0.950853223
9.32743347	0.969307934
9.34365509	0.988209693
9.35987672	1.00755457
9.37609834	1.02733796
9.39231996	1.0475546
9.40854159	1.06819852
9.42476321	1.08926303
9.44098483	1.11074072
9.45720646	1.13262345
9.47342808	1.15490235
9.4896497	1.17756776
9.50587133	1.20060929
9.52209295	1.22401579
9.53831457	1.24777533
9.5545362	1.27187523
9.57075782	1.29630204
9.58697944	1.32104156
9.60320107	1.34607885
9.61942269	1.37139821
9.63564431	1.39698324
9.65186594	1.42281679
9.66808756	1.44888105
9.68430918	1.4751575
9.70053081	1.50162698
9.71675243	1.52826967
9.73297405	1.55506516
9.74919568	1.58199243
9.7654173	1.60902992
9.78163892	1.63615553
9.79786055	1.66334667
9.81408217	1.69058028
9.83030379	1.71783287
9.84652542	1.74508058
9.86274704	1.77229918
9.87896867	1.79946413
9.89519029	1.82655064
9.91141191	1.85353366
9.92763354	1.88038798
9.94385516	1.90708826
9.96007678	1.93360904
9.97629841	1.95992483
9.99252003	1.98601015
10.0087417	2.01183955
10.0249633	2.03738769
10.0411849	2.06262936
10.0574065	2.08753955
10.0736281	2.11209349
10.0898498	2.13626669
10.1060714	2.160035
10.122293	2.18337467
10.1385146	2.20626234
10.1547363	2.22867515
10.1709579	2.25059075
10.1871795	2.27198735
10.2034011	2.29284378
10.2196228	2.31313948
10.2358444	2.33285461
10.252066	2.35197003
10.2682876	2.37046738
10.2845093	2.38832909
10.3007309	2.40553839
10.3169525	2.42207942
10.3331741	2.43793717
10.3493957	2.45309757
10.3656174	2.46754746
10.381839	2.48127469
10.3980606	2.49426806
10.4142822	2.5065174
10.4305039	2.51801353
10.4467255	2.52874834
10.4629471	2.53871474
10.4791687	2.54790671
10.4953904	2.55631927
10.511612	2.56394853
10.5278336	2.57079166
10.5440552	2.57684688
10.5602768	2.5821135
10.5764985	2.58659186
10.5927201	2.59028336
10.6089417	2.59319045
10.6251633	2.59531657
10.641385	2.59666622
10.6576066	2.59724485
10.6738282	2.5970589
10.6900498	2.59611576
10.7062715	2.59442376
10.7224931	2.59199211
10.7387147	2.58883091
10.7549363	2.5849511
10.771158	2.58036445
10.7873796	2.57508349
10.8036012	2.56912152
10.8198228	2.56249255
10.8360444	2.55521125
10.8522661	2.54729296
10.8684877	2.53875361
10.8847093	2.52960967
10.9009309	2.51987818
10.9171526	2.50957662
10.9333742	2.49872294
10.9495958	2.48733546
10.9658174	2.47543288
10.9820391	2.46303421
10.9982607	2.45015872
11.0144823	2.43682594
11.0307039	2.42305554
11.0469256	2.40886739
11.0631472	2.39428141
11.0793688	2.37931763
11.0955904	2.36399607
11.111812	2.34833676
11.1280337	2.33235964
11.1442553	2.31608458
11.1604769	2.29953132
11.1766985	2.28271942
11.1929202	2.26566824
11.2091418	2.2483969
11.2253634	2.23092427
11.241585	2.21326889
11.2578067	2.19544898
11.2740283	2.17748243
11.2902499	2.15938669
11.3064715	2.14117883
11.3226931	2.1228755
11.3389148	2.10449286
11.3551364	2.0860466
11.371358	2.06755192
11.3875796	2.04902351
11.4038013	2.03047551
11.4200229	2.01192153
11.4362445	1.99337463
11.4524661	1.97484728
11.4686878	1.95635139
11.4849094	1.93789828
11.501131	1.91949869
11.5173526	1.90116274
11.5335743	1.88289999
11.5497959	1.86471937
11.5660175	1.84662923
11.5822391	1.82863732
11.5984607	1.8107508
11.6146824	1.79297623
11.630904	1.77531962
11.6471256	1.75778636
11.6633472	1.74038131
11.6795689	1.72310876
11.6957905	1.70597245
11.7120121	1.6889756
11.7282337	1.67212088
11.7444554	1.65541049
11.760677	1.6388461
11.7768986	1.62242891
11.7931202	1.60615968
11.8093419	1.59003868
11.8255635	1.57406579
11.8417851	1.55824046
11.8580067	1.54256173
11.8742283	1.52702829
11.89045	1.51163845
11.9066716	1.49639018
11.9228932	1.48128115
11.9391148	1.46630871
11.9553365	1.45146992
11.9715581	1.43676159
11.9877797	1.42218028
12.0040013	1.40772233
12.020223	1.39338385
12.0364446	1.37916079
12.0526662	1.36504892
12.0688878	1.35104384
12.0851095	1.33714104
12.1013311	1.32333587
12.1175527	1.30962361
12.1337743	1.29599943
12.1499959	1.28245845
12.1662176	1.26899572
12.1824392	1.25560628
12.1986608	1.24228513
12.2148824	1.22902728
12.2311041	1.21582774
12.2473257	1.20268154
12.2635473	1.18958375
12.2797689	1.17652948
12.2959906	1.16351392
12.3122122	1.15053231
12.3284338	1.13757998
12.3446554	1.12465235
12.360877	1.11174496
12.3770987	1.09885344
12.3933203	1.08597355
12.4095419	1.07310119
12.4257635	1.06023239
12.4419852	1.04736332
12.4582068	1.03449032
12.4744284	1.02160989
12.49065	1.00871867
12.5068717	0.995813507
12.5230933	0.982891414
12.5393149	0.969949588
12.5555365	0.956985418
12.5717582	0.943996489
12.5879798	0.930980584
12.6042014	0.91793569
12.620423	0.904860005
12.6366446	0.891751937
12.6528663	0.878610107
12.6690879	0.865433361
12.6853095	0.852220761
12.7015311	0.838971598
12.7177528	0.825685389
12.7339744	0.812361883
12.750196	0.799001061
12.7664176	0.78560314
12.7826393	0.772168574
12.7988609	0.758698056
12.8150825	0.74519252
12.8313041	0.731653146
12.8475258	0.718081354
12.8637474	0.704478812
12.879969	0.690847436
12.8961906	0.677189388
12.9124122	0.66350708
12.9286339	0.649803173
12.9448555	0.636080578
12.9610771	0.622342457
12.9772987	0.608592222
12.9935204	0.594833534
13.009742	0.581070305
13.0259636	0.567306695
13.0421852	0.553547113
13.0584069	0.539796215
13.0746285	0.526058901
13.0908501	0.512340315
13.1070717	0.498645844
13.1232934	0.484981112
13.139515	0.471351978
13.1557366	0.457764537
13.1719582	0.444225109
13.1881798	0.430740242
13.2044015	0.417316703
13.2206231	0.403961475
13.2368447	0.390681751
13.2530663	0.377484929
13.269288	0.364378604
13.2855096	0.351370563
13.3017312	0.338468777
13.3179528	0.325681393
13.3341745	0.313016728
13.3503961	0.300483257
13.3666177	0.288089604
13.3828393	0.275844537
13.3990609	0.263756951
13.4152826	0.251835863
13.4315042	0.240090399
13.4477258	0.228529781
13.4639474	0.217163316
13.4801691	0.206000384
13.4963907	0.195050426
13.5126123	0.184322927
13.5288339	0.173827409
13.5450556	0.163573407
13.5612772	0.153570467
13.5774988	0.143828119
13.5937204	0.134355873
13.6099421	0.125163194
13.6261637	0.116259497
13.6423853	0.107654121
13.6586069	0.0993563203
13.6748285	0.0913752473
13.6910502	0.0837199352
13.7072718	0.076399283
13.7234934	0.0694220401
13.739715	0.0627967899
13.7559367	0.0565319342
13.7721583	0.0506356782
13.7883799	0.0451160148
13.8046015	0.0399807094
13.8208232	0.0352372857
13.8370448	0.0308930107
13.8532664	0.0269548811
13.869488	0.0234296093
13.8857097	0.0203236105
13.9019313	0.0176429902
13.9181529	0.0153935317
13.9343745	0.0135806852
13.9505961	0.0122095563
13.9668178	0.0112848965
13.9830394	0.0108110934
13.999261	0.0107921622
14.0154826	0.0112317376
14.0317043	0.012133067
14.0479259	0.0134990039
14.0641475	0.0153320031
14.0803691	0.0176341156
14.0965908	0.0204069856
14.1128124	0.0236518475
14.129034	0.0273695245
14.1452556	0.0315604276
14.1614772	0.0362245562
14.1776989	0.0413614992
14.1939205	0.0469704371
14.2101421	0.0530501451
14.2263637	0.0595989977
14.2425854	0.0666149733
14.258807	0.0740956604
14.2750286	0.0820382647
14.2912502	0.0904396168
14.3074719	0.0992961809
14.3236935	0.108604065
14.3399151	0.11835903
14.3561367	0.128556502
14.3723584	0.139191585
14.38858	0.150259071
14.4048016	0.161753457
14.4210232	0.173668954
14.4372448	0.185999508
14.4534665	0.198738808
14.4696881	0.211880308
14.4859097	0.225417237
14.5021313	0.23934262
14.518353	0.253649294
14.5345746	0.268329921
14.5507962	0.283377008
14.5670178	0.298782925
14.5832395	0.314539918
14.5994611	0.330640131
14.6156827	0.347075619
14.6319043	0.363838366
14.648126	0.380920301
14.6643476	0.398313317
14.6805692	0.416009283
14.6967908	0.43400006
14.7130124	0.452277516
14.7292341	0.470833544
14.7454557	0.489660069
14.7616773	0.508749066
14.7778989	0.528092569
14.7941206	0.547682684
14.8103422	0.567511599
14.8265638	0.587571594
14.8427854	0.607855047
14.8590071	0.628354445
14.8752287	0.649062389
14.8914503	0.669971599
14.9076719	0.691074918
14.9238936	0.712365316
14.9401152	0.733835891
14.9563368	0.755479871
14.9725584	0.777290612
14.98878	0.799261598
15.0050017	0.821386437
15.0212233	0.843658858
15.0374449	0.866072702
15.0536665	0.888621922
15.0698882	0.91130057
15.0861098	0.93410279
15.1023314	0.957022808
15.118553	0.980054922
15.1347747	1.00319349
15.1509963	1.02643291
15.1672179	1.04976761
15.1834395	1.07319205
15.1996611	1.09670069
15.2158828	1.12028794
15.2321044	1.14394822
15.248326	1.16767588
15.2645476	1.1914652
15.2807693	1.21531038
15.2969909	1.23920549
15.3132125	1.26314449
15.3294341	1.2871212
15.3456558	1.31112925
15.3618774	1.3351621
15.378099	1.35921299
15.3943206	1.38327493
15.4105423	1.40734068
15.4267639	1.43140275
15.4429855	1.45545334
15.4592071	1.47948436
15.4754287	1.50348739
15.4916504	1.52745366
15.507872	1.55137405
15.5240936	1.57523907
15.5403152	1.59903885
15.5565369	1.62276309
15.5727585	1.64640112
15.5889801	1.6699418
15.6052017	1.6933736
15.6214234	1.71668452
15.637645	1.73986212
15.6538666	1.76289352
15.6700882	1.78576537
15.6863099	1.80846388
15.7025315	1.83097478
15.7187531	1.85328338
15.7349747	1.87537452
15.7511963	1.89723259
15.767418	1.91884158
15.7836396	1.94018501
15.7998612	1.96124604
15.8160828	1.98200739
15.8323045	2.00245142
15.8485261	2.02256013
15.8647477	2.04231518
15.8809693	2.0616979
15.897191	2.08068933
15.9134126	2.09927026
15.9296342	2.11742122
15.9458558	2.13512254
15.9620774	2.15235438
15.9782991	2.16909675
15.9945207	2.18532956
16.0107423	2.20103266
16.0269639	2.21618585
16.0431856	2.23076896
16.0594072	2.24476187
16.0756288	2.25814455
16.0918504	2.27089712
16.1080721	2.28299987
16.1242937	2.29443333
16.1405153	2.30517832
16.1567369	2.31521598
16.1729586	2.32452781
16.1891802	2.33309575
16.2054018	2.3409022
16.2216234	2.3479301
16.237845	2.35416292
16.2540667	2.3595848
16.2702883	2.36418049
16.2865099	2.36793549
16.3027315	2.37083605
16.3189532	2.37286921
16.3351748	2.37402289
16.3513964	2.37428587
16.367618	2.37364788
16.3838397	2.37209964
16.4000613	2.36963286
16.4162829	2.36624032
16.4325045	2.36191588
16.4487262	2.35665454
16.4649478	2.35045243
16.4811694	2.34330686
16.497391	2.33521639
16.5136126	2.32618075
16.5298343	2.31620098
16.5460559	2.30527937
16.5622775	2.29341948
16.5784991	2.28062621
16.5947208	2.26690573
16.6109424	2.25226556
16.627164	2.23671451
16.6433856	2.22026274
16.6596073	2.20292172
16.6758289	2.18470421
16.6920505	2.16562429
16.7082721	2.14569734
16.7244938	2.12493998
16.7407154	2.1033701
16.756937	2.08100683
16.7731586	2.05787049
16.7893802	2.03398257
16.8056019	2.00936572
16.8218235	1.98404368
16.8380451	1.95804125
16.8542667	1.93138429
16.8704884	1.9040996
16.88671	1.87621494
16.9029316	1.84775895
16.9191532	1.81876109
16.9353749	1.78925161
16.9515965	1.75926147
16.9678181	1.72882231
16.9840397	1.69796634
17.0002613	1.66672634
17.016483	1.63513553
17.0327046	1.60322756
17.0489262	1.57103641
17.0651478	1.53859634
17.0813695	1.50594181
17.0975911	1.4731074
17.1138127	1.44012776
17.1300343	1.40703755
17.146256	1.37387132
17.1624776	1.34066351
17.1786992	1.3074483
17.1949208	1.27425961
17.2111425	1.24113099
17.2273641	1.20809558
17.2435857	1.17518602
17.2598073	1.14243438
17.2760289	1.10987214
17.2922506	1.07753006
17.3084722	1.0454382
17.3246938	1.01362579
17.3409154	0.982121218
17.3571371	0.950951949
17.3733587	0.920144502
17.3895803	0.889724384
17.4058019	0.859716051
17.4220236	0.830142863
17.4382452	0.801027048
17.4544668	0.772389666
17.4706884	0.744250577
17.4869101	0.716628412
17.5031317	0.689540548
17.5193533	0.663003088
17.5355749	0.637030842
17.5517965	0.611637314
17.5680182	0.586834692
17.5842398	0.56263384
17.6004614	0.5390443
17.616683	0.516074288
17.6329047	0.493730705
17.6491263	0.47201914
17.6653479	0.450943889
17.6815695	0.430507968
17.6977912	0.410713133
17.7140128	0.391559906
17.7302344	0.3730476
17.746456	0.355174352
17.7626776	0.337937157
17.7788993	0.321331901
17.7951209	0.305353407
17.8113425	0.289995475
17.8275641	0.275250927
17.8437858	0.261111658
17.8600074	0.247568686
17.876229	0.234612203
17.8924506	0.222231633
17.9086723	0.210415687
17.9248939	0.199152425
17.9411155	0.188429309
17.9573371	0.178233274
17.9735588	0.168550782
17.9897804	0.159367891
18.006002	0.150670314
18.0222236	0.142443489
18.0384452	0.134672639
18.0546669	0.127342837
18.0708885	0.120439071
18.0871101	0.11394631
18.1033317	0.107849562
18.1195534	0.102133939
18.135775	0.0967847184
18.1519966	0.0917874
18.1682182	0.0871277668
18.1844399	0.0827919395
18.2006615	0.0787664311
18.2168831	0.0750381997
18.2331047	0.0715946975
18.2493264	0.0684239188
18.265548	0.0655144445
18.2817696	0.0628554845
18.2979912	0.0604369163
18.3142128	0.0582493211
18.3304345	0.0562840171
18.3466561	0.0545330885
18.3628777	0.052989412
18.3790993	0.0516466795
18.395321	0.0504994173
18.4115426	0.0495430017
18.4277642	0.0487736707
18.4439858	0.0481885326
18.4602075	0.0477855703
18.4764291	0.0475636423
18.4926507	0.0475224798
18.5088723	0.04766268
18.525094	0.0479856959
18.5413156	0.0484938226
18.5575372	0.0491901796
18.5737588	0.0500786902
18.5899804	0.0511640566
18.6062021	0.052451733
18.6224237	0.053947894
18.6386453	0.0556594007
18.6548669	0.0575937641
18.6710886	0.0597591047
18.6873102	0.0621641104
18.7035318	0.064817991
18.7197534	0.0677304309
18.7359751	0.0709115394
18.7521967	0.0743717987
18.7684183	0.0781220108
18.7846399	0.0821732418
18.8008615	0.0865367653
18.8170832	0.0912240046
18.8333048	0.0962464736
18.8495264	0.101615717
18.865748	0.10734325
18.8819697	0.113440497
18.8981913	0.119918732
18.9144129	0.126789014
18.9306345	0.134062132
18.9468562	0.141748539
18.9630778	0.149858297
18.9792994	0.158401015
18.995521	0.167385794
19.0117427	0.176821169
19.0279643	0.186715054
19.0441859	0.197074692
19.0604075	0.207906599
19.0766291	0.21921652
19.0928508	0.23100938
19.1090724	0.243289238
19.125294	0.256059249
19.1415156	0.269321622
19.1577373	0.283077583
19.1739589	0.297327347
19.1901805	0.312070083
19.2064021	0.327303889
19.2226238	0.343025767
19.2388454	0.359231607
19.255067	0.375916166
19.2712886	0.393073058
19.2875103	0.410694744
19.3037319	0.428772523
19.3199535	0.447296535
19.3361751	0.466255761
19.3523967	0.485638025
19.3686184	0.505430009
19.38484	0.525617259
19.4010616	0.546184207
19.4172832	0.567114186
19.4335049	0.588389457
19.4497265	0.609991235
19.4659481	0.631899716
19.4821697	0.654094115
19.4983914	0.676552699
19.514613	0.699252828
19.5308346	0.722170996
19.5470562	0.74528288
19.5632778	0.768563382
19.5794995	0.791986685
19.5957211	0.815526301
19.6119427	0.83915513
19.6281643	0.862845513
19.644386	0.886569293
19.6606076	0.910297874
19.6768292	0.934002285
19.6930508	0.957653238
19.7092725	0.981221197
19.7254941	1.00467644
19.7417157	1.02798913
19.7579373	1.05112936
19.774159	1.07406727
19.7903806	1.09677303
19.8066022	1.11921699
19.8228238	1.1413697
19.8390454	1.16320199
19.8552671	1.18468502
19.8714887	1.20579036
19.8877103	1.22649004
19.9039319	1.24675663
19.9201536	1.26656326
19.9363752	1.28588373
19.9525968	1.30469253
19.9688184	1.3229649
19.9850401	1.34067689
20.0012617	1.3578054
20.0174833	1.37432825
20.0337049	1.39022419
20.0499266	1.40547296
20.0661482	1.42005534
20.0823698	1.43395317
20.0985914	1.44714938
20.114813	1.45962806
20.1310347	1.47137442
20.1472563	1.48237487
20.1634779	1.49261704
20.1796995	1.50208974
20.1959212	1.51078306
20.2121428	1.5186883
20.2283644	1.52579805
20.244586	1.53210615
20.2608077	1.53760768
20.2770293	1.54229901
20.2932509	1.54617776
20.3094725	1.5492428
20.3256942	1.55149423
20.3419158	1.5529334
20.3581374	1.55356285
20.374359	1.55338631
20.3905806	1.55240869
20.4068023	1.55063603
20.4230239	1.54807551
20.4392455	1.54473538
20.4554671	1.54062495
20.4716888	1.53575456
20.4879104	1.53013552
20.504132	1.52378011
20.5203536	1.51670152
20.5365753	1.5089138
20.5527969	1.50043182
20.5690185	1.49127124
20.5852401	1.48144849
20.6014617	1.47098064
20.6176834	1.45988545
20.633905	1.44818127
20.6501266	1.43588699
20.6663482	1.42302202
20.6825699	1.40960623
20.6987915	1.39565988
20.7150131	1.38120362
20.7312347	1.3662584
20.7474564	1.35084544
20.763678	1.33498617
20.7798996	1.31870221
20.7961212	1.30201532
20.8123429	1.28494732
20.8285645	1.26752011
20.8447861	1.24975555
20.8610077	1.2316755
20.8772293	1.21330172
20.893451	1.19465587
20.9096726	1.17575945
20.9258942	1.15663379
20.9421158	1.1373
20.9583375	1.11777892
20.9745591	1.09809116
20.9907807	1.07825699
21.0070023	1.05829637
21.023224	1.03822891
21.0394456	1.01807384
21.0556672	0.997850016
21.0718888	0.977575883
21.0881105	0.957269461
21.1043321	0.93694834
21.1205537	0.916629668
21.1367753	0.896330137
21.1529969	0.876065981
21.1692186	0.855852971
21.1854402	0.835706408
21.2016618	0.815641125
21.2178834	0.795671489
21.2341051	0.775811396
21.2503267	0.756074283
21.2665483	0.736473128
21.2827699	0.717020459
21.2989916	0.697728359
21.3152132	0.67860848
21.3314348	0.659672048
21.3476564	0.640929878
21.363878	0.622392386
21.3800997	0.604069601
21.3963213	0.585971178
21.4125429	0.568106416
21.4287645	0.550484271
21.4449862	0.53311337
21.4612078	0.516002031
21.4774294	0.499158274
21.493651	0.482589842
21.5098727	0.466304213
21.5260943	0.450308619
21.5423159	0.434610061
21.5585375	0.419215323
21.5747592	0.404130988
21.5909808	0.389363455
21.6072024	0.374918949
21.623424	0.360803535
21.6396456	0.347023135
21.6558673	0.333583532
21.6720889	0.320490389
21.6883105	0.307749253
21.7045321	0.295365565
21.7207538	0.28334467
21.7369754	0.27169182
21.753197	0.260412183
21.7694186	0.249510845
21.7856403	0.238992814
21.8018619	0.22886302
21.8180835	0.219126317
21.8343051	0.209787483
21.8505268	0.200851214
21.8667484	0.192322126
21.88297	0.184204746
21.8991916	0.176503509
21.9154132	0.169222747
21.9316349	0.162366685
21.9478565	0.15593943
21.9640781	0.14994496
21.9802997	0.144387112
21.9965214	0.139269569
22.012743	0.13459585
22.0289646	0.13036929
22.0451862	0.12659303
22.0614079	0.123269997
22.0776295	0.12040289
22.0938511	0.117994162
22.1100727	0.116046002
22.1262944	0.114560317
22.142516	0.113538713
22.1587376	0.11298248
22.1749592	0.112892567
22.1911808	0.113269571
22.2074025	0.114113711
22.2236241	0.115424815
22.2398457	0.1172023
22.2560673	0.119445152
22.272289	0.122151915
22.2885106	0.125320667
22.3047322	0.12894901
22.3209538	0.133034051
22.3371755	0.13757239
22.3533971	0.142560106
22.3696187	0.147992743
22.3858403	0.153865303
22.4020619	0.160172233
22.4182836	0.166907415
22.4345052	0.174064165
22.4507268	0.181635218
22.4669484	0.189612732
22.4831701	0.197988282
22.4993917	0.206752857
22.5156133	0.215896862
22.5318349	0.225410121
22.5480566	0.235281881
22.5642782	0.245500815
22.5804998	0.256055031
22.5967214	0.26693208
22.6129431	0.278118971
22.6291647	0.289602177
22.6453863	0.301367653
22.6616079	0.313400852
22.6778295	0.325686744
22.6940512	0.338209832
22.7102728	0.350954174
22.7264944	0.36390341
22.742716	0.37704078
22.7589377	0.390349155
22.7751593	0.403811061
22.7913809	0.417408708
22.8076025	0.431124024
22.8238242	0.444938678
22.8400458	0.458834121
22.8562674	0.472791614
22.872489	0.486792265
22.8887107	0.500817061
22.9049323	0.514846908
22.9211539	0.528862665
22.9373755	0.542845183
22.9535971	0.55677534
22.9698188	0.570634082
22.9860404	0.584402458
23.002262	0.598061664
23.0184836	0.611593072
23.0347053	0.624978279
23.0509269	0.638199136
23.0671485	0.651237791
23.0833701	0.664076724
23.0995918	0.676698783
23.1158134	0.689087222
23.132035	0.701225733
23.1482566	0.713098483
23.1644782	0.724690145
23.1806999	0.735985932
23.1969215	0.746971624
23.2131431	0.7576336
23.2293647	0.767958868
23.2455864	0.777935086
23.261808	0.78755059
23.2780296	0.796794417
23.2942512	0.805656327
23.3104729	0.81412682
23.3266945	0.822197157
23.3429161	0.829859372
23.3591377	0.837106289
23.3753594	0.843931533
23.391581	0.850329539
23.4078026	0.85629556
23.4240242	0.861825673
23.4402458	0.866916781
23.4564675	0.871566616
23.4726891	0.875773741
23.4889107	0.879537539
23.5051323	0.882858218
23.521354	0.885736796
23.5375756	0.888175098
23.5537972	0.89017574
23.5700188	0.891742122
23.5862405	0.892878409
23.6024621	0.893589515
23.6186837	0.893881086
23.6349053	0.893759479
23.651127	0.893231743
23.6673486	0.892305591
23.6835702	0.890989381
23.6997918	0.889292085
23.7160134	0.887223268
23.7322351	0.884793052
23.7484567	0.882012093
23.7646783	0.878891549
23.7808999	0.875443046
23.7971216	0.871678651
23.8133432	0.867610836
23.8295648	0.863252444
23.8457864	0.85861666
23.8620081	0.853716974
23.8782297	0.848567148
23.8944513	0.843181182
23.9106729	0.83757328
23.9268946	0.831757817
23.9431162	0.825749305
23.9593378	0.819562361
23.9755594	0.813211674
23.991781	0.806711973
24.0080027	0.800077995
24.0242243	0.793324458
24.0404459	0.786466028
24.0566675	0.779517293
24.0728892	0.772492735
24.0891108	0.765406703
24.1053324	0.758273391
24.121554	0.75110681
24.1377757	0.743920771
24.1539973	0.736728859
24.1702189	0.72954442
24.1864405	0.722380536
24.2026621	0.715250016
24.2188838	0.708165376
24.2351054	0.701138828
24.251327	0.69418227
24.2675486	0.687307275
24.2837703	0.680525084
24.2999919	0.673846597
24.3162135	0.667282372
24.3324351	0.660842618
24.3486568	0.654537199
24.3648784	0.648375627
24.3811	0.642367069
24.3973216	0.636520349
24.4135433	0.630843951
24.4297649	0.625346024
24.4459865	0.620034394
24.4622081	0.614916567
24.4784297	0.609999742
24.4946514	0.605290819
24.510873	0.600796414
24.5270946	0.596522868
24.5433162	0.592476265
24.5595379	0.58866244
24.5757595	0.585087
24.5919811	0.581755335
24.6082027	0.578672638
24.6244244	0.575843915
24.640646	0.57327401
24.6568676	0.570967612
24.6730892	0.56892928
24.6893109	0.567163455
24.7055325	0.565674477
24.7217541	0.564466602
24.7379757	0.563544016
24.7541973	0.562910855
24.770419	0.562571213
24.7866406	0.562529161
24.8028622	0.562788757
24.8190838	0.563354063
24.8353055	0.564229152
24.8515271	0.565418119
24.8677487	0.566925095
24.8839703	0.568754248
24.900192	0.570909798
24.9164136	0.573396016
24.9326352	0.576217232
24.9488568	0.57937784
24.9650784	0.582882294
24.9813001	0.586735113
24.9975217	0.590940879
25.0137433	0.595504234
25.0299649	0.600429875
25.0461866	0.605722547
25.0624082	0.611387042
25.0786298	0.617428183
25.0948514	0.623850819
25.1110731	0.630659808
25.1272947	0.637860012
25.1435163	0.645456274
25.1597379	0.653453408
25.1759596	0.66185618
25.1921812	0.670669288
25.2084028	0.679897347
25.2246244	0.689544862
25.240846	0.699616212
25.2570677	0.710115625
25.2732893	0.721047153
25.2895109	0.732414653
25.3057325	0.744221753
25.3219542	0.756471835
25.3381758	0.769168006
25.3543974	0.782313069
25.370619	0.7959095
25.3868407	0.809959418
25.4030623	0.824464561
25.4192839	0.839426255
25.4355055	0.854845393
25.4517272	0.870722403
25.4679488	0.887057224
25.4841704	0.903849282
25.500392	0.921097464
25.5166136	0.938800093
25.5328353	0.956954905
25.5490569	0.975559029
25.5652785	0.994608963
25.5815001	1.01410055
25.5977218	1.03402899
25.6139434	1.05438875
25.630165	1.07517364
25.6463866	1.09637673
25.6626083	1.11799038
25.6788299	1.14000619
25.6950515	1.16241503
25.7112731	1.18520701
25.7274948	1.20837148
25.7437164	1.23189702
25.759938	1.25577146
25.7761596	1.27998186
25.7923812	1.30451452
25.8086029	1.329355
25.8248245	1.35448809
25.8410461	1.37989787
25.8572677	1.40556767
25.8734894	1.43148015
25.889711	1.45761722
25.9059326	1.48396018
25.9221542	1.51048963
25.9383759	1.53718555
25.9545975	1.56402733
25.9708191	1.59099376
25.9870407	1.61806311
26.0032623	1.64521309
26.019484	1.67242097
26.0357056	1.69966354
26.0519272	1.72691717
26.0681488	1.75415789
26.0843705	1.78136135
26.1005921	1.80850292
26.1168137	1.83555772
26.1330353	1.86250065
26.149257	1.88930644
26.1654786	1.91594972
26.1817002	1.942405
26.1979218	1.96864681
26.2141435	1.99464964
26.2303651	2.0203881
26.2465867	2.04583687
26.2628083	2.07097081
26.2790299	2.09576499
26.2952516	2.12019472
26.3114732	2.14423563
26.3276948	2.16786368
26.3439164	2.19105525
26.3601381	2.21378715
26.3763597	2.23603668
26.3925813	2.25778168
26.4088029	2.27900054
26.4250246	2.29967231
26.4412462	2.31977666
26.4574678	2.33929397
26.4736894	2.35820538
26.4899111	2.37649276
26.5061327	2.39413881
26.5223543	2.41112708
26.5385759	2.42744197
26.5547975	2.44306879
26.5710192	2.45799376
26.5872408	2.47220407
26.6034624	2.48568788
26.619684	2.49843432
26.6359057	2.51043355
26.6521273	2.52167677
26.6683489	2.53215617
26.6845705	2.54186504
26.7007922	2.55079771
26.7170138	2.55894955
26.7332354	2.56631703
26.749457	2.57289767
26.7656786	2.57869005
26.7819003	2.58369382
26.7981219	2.58790969
26.8143435	2.5913394
26.8305651	2.59398573
26.8467868	2.59585248
26.8630084	2.59694447
26.87923	2.59726747
26.8954516	2.59682826
26.9116733	2.59563453
26.9278949	2.59369491
26.9441165	2.59101891
26.9603381	2.58761692
26.9765598	2.58350015
26.9927814	2.57868064
27.009003	2.57317116
27.0252246	2.56698527
27.0414462	2.56013719
27.0576679	2.55264183
27.0738895	2.54451472
27.0901111	2.53577197
27.1063327	2.52643027
27.1225544	2.51650679
27.138776	2.50601918
27.1549976	2.4949855
27.1712192	2.48342423
27.1874409	2.47135416
27.2036625	2.4587944
27.2198841	2.4457643
27.2361057	2.43228345
27.2523274	2.41837159
27.268549	2.40404861
27.2847706	2.38933447
27.3009922	2.37424921
27.3172138	2.35881284
27.3334355	2.34304538
27.3496571	2.32696674
27.3658787	2.31059677
27.3821003	2.29395513
27.398322	2.27706133
27.4145436	2.25993465
27.4307652	2.24259413
27.4469868	2.22505854
27.4632085	2.20734631
27.4794301	2.18947556
27.4956517	2.17146401
27.5118733	2.15332903
27.528095	2.13508752
27.5443166	2.11675598
27.5605382	2.09835041
27.5767598	2.07988635
27.5929814	2.06137882
27.6092031	2.04284233
27.6254247	2.02429086
27.6416463	2.00573782
27.6578679	1.98719607
27.6740896	1.96867792
27.6903112	1.95019506
27.7065328	1.93175862
27.7227544	1.91337915
27.7389761	1.89506657
27.7551977	1.87683023
27.7714193	1.85867887
27.7876409	1.84062065
27.8038625	1.8226631
27.8200842	1.8048132
27.8363058	1.78707731
27.8525274	1.76946124
27.868749	1.75197021
27.8849707	1.73460888
27.9011923	1.71738135
27.9174139	1.7002912
27.9336355	1.68334145
27.9498572	1.66653462
27.9660788	1.64987273
27.9823004	1.6333573
27.998522	1.61698937
28.0147437	1.60076954
28.0309653	1.58469795
28.0471869	1.56877433
28.0634085	1.55299798
28.0796301	1.53736785
28.0958518	1.52188248
28.1120734	1.50654007
28.128295	1.49133849
28.1445166	1.4762753
28.1607383	1.46134775
28.1769599	1.44655281
28.1931815	1.43188722
28.2094031	1.41734744
28.2256248	1.40292976
28.2418464	1.38863021
28.258068	1.37444469
28.2742896	1.36036891
28.2905113	1.34639843
28.3067329	1.3325287
28.3229545	1.31875503
28.3391761	1.30507267
28.3553977	1.29147677
28.3716194	1.27796242
28.387841	1.26452468
28.4040626	1.25115856
28.4202842	1.23785906
28.4365059	1.2246212
28.4527275	1.21143999
28.4689491	1.19831047
28.4851707	1.18522773
28.5013924	1.1721869
28.517614	1.15918318
28.5338356	1.14621184
28.5500572	1.13326825
28.5662788	1.12034786
28.5825005	1.10744623
28.5987221	1.09455906
28.6149437	1.08168213
28.6311653	1.06881139
28.647387	1.05594291
28.6636086	1.04307294
28.6798302	1.03019784
28.6960518	1.01731417
28.7122735	1.00441865
28.7284951	0.991508166
28.7447167	0.978579798
28.7609383	0.965630804
28.77716	0.95265864
28.7933816	0.939660955
28.8096032	0.9266356
28.8258248	0.913580633
28.8420464	0.90049432
28.8582681	0.88737514
28.8744897	0.874221789
28.8907113	0.861033184
28.9069329	0.847808464
28.9231546	0.834546995
28.9393762	0.82124837
28.9555978	0.807912416
28.9718194	0.794539192
28.9880411	0.781128994
29.0042627	0.767682355
29.0204843	0.754200048
29.0367059	0.74068309
29.0529276	0.72713274
29.0691492	0.7135505
29.0853708	0.699938122
29.1015924	0.686297603
29.117814	0.672631188
29.1340357	0.658941372
29.1502573	0.6452309
29.1664789	0.631502767
29.1827005	0.617760216
29.1989222	0.604006744
29.2151438	0.590246095
29.2313654	0.576482264
29.247587	0.562719495
29.2638087	0.548962278
29.2800303	0.535215352
29.2962519	0.521483697
29.3124735	0.507772539
29.3286952	0.494087345
29.3449168	0.480433816
29.3611384	0.466817891
29.37736	0.453245741
29.3935816	0.439723761
29.4098033	0.426258574
29.4260249	0.412857019
29.4422465	0.39952615
29.4584681	0.386273228
29.4746898	0.373105718
29.4909114	0.36003128
29.507133	0.347057762
29.5233546	0.334193197
29.5395763	0.321445788
29.5557979	0.308823904
29.5720195	0.296336074
29.5882411	0.283990969
29.6044627	0.2717974
29.6206844	0.259764307
29.636906	0.247900741
29.6531276	0.236215863
29.6693492	0.224718925
29.6855709	0.213419258
29.7017925	0.202326266
29.7180141	0.191449406
29.7342357	0.180798175
29.7504574	0.170382102
29.766679	0.160210727
29.7829006	0.150293593
29.7991222	0.140640224
29.8153439	0.131260117
29.8315655	0.122162723
29.8477871	0.113357432
29.8640087	0.104853558
29.8802303	0.096660322
29.896452	0.0887868386
29.9126736	0.0812420981
29.9288952	0.0740349514
29.9451168	0.0671740943
29.9613385	0.0606680514
29.9775601	0.0545251608
29.9937817	0.0487535585
30.0100033	0.0433611632
30.026225	0.0383556615
30.0424466	0.033744493
30.0586682	0.0295348361
30.0748898	0.0257335944
30.0911115	0.0223473825
30.1073331	0.0193825138
30.1235547	0.0168449877
30.1397763	0.0147404778
30.1559979	0.0130743204
30.1722196	0.0118515044
30.1884412	0.0110766609
30.2046628	0.0107540543
30.2208844	0.0108875738
30.2371061	0.0114807257
30.2533277	0.0125366268
30.2695493	0.0140579982
30.2857709	0.0160471607
30.3019926	0.0185060299
30.3182142	0.0214361136
30.3344358	0.0248385094
30.3506574	0.0287139031
30.366879	0.0330625684
30.3831007	0.0378843677
30.3993223	0.0431787535
30.4155439	0.0489447707
30.4317655	0.0551810605
30.4479872	0.0618858648
30.4642088	0.0690570312
30.4804304	0.0766920199
30.496652	0.0847879105
30.5128737	0.0933414107
30.5290953	0.102348865
30.5453169	0.111806263
30.5615385	0.121709255
30.5777602	0.132053157
30.5939818	0.142832968
30.6102034	0.15404338
30.626425	0.165678793
30.6426466	0.177733328
30.6588683	0.190200844
30.6750899	0.203074949
30.6913115	0.216349021
30.7075331	0.23001622
30.7237548	0.244069505
30.7399764	0.258501653
30.756198	0.273305273
30.7724196	0.288472825
30.7886413	0.303996634
30.8048629	0.319868911
30.8210845	0.336081769
30.8373061	0.352627236
30.8535278	0.369497278
30.8697494	0.38668381
30.885971	0.404178713
30.9021926	0.421973853
30.9184142	0.440061093
30.9346359	0.458432306
30.9508575	0.477079395
30.9670791	0.4959943
30.9833007	0.515169013
30.9995224	0.534595594
31.015744	0.554266172
31.0319656	0.574172967
31.0481872	0.594308289
31.0644089	0.614664553
31.0806305	0.635234284
31.0968521	0.656010119
31.1130737	0.676984821
31.1292954	0.698151275
31.145517	0.719502492
31.1617386	0.741031615
31.1779602	0.762731913
31.1941818	0.784596787
31.2104035	0.806619762
31.2266251	0.828794486
31.2428467	0.851114726
31.2590683	0.873574363
31.27529	0.896167382
31.2915116	0.918887867
31.3077332	0.94172999
31.3239548	0.964688004
31.3401765	0.987756227
31.3563981	1.01092903
31.3726197	1.03420083
31.3888413	1.05756606
31.4050629	1.08101919
31.4212846	1.10455464
31.4375062	1.12816687
31.4537278	1.15185024
31.4699494	1.17559909
31.4861711	1.19940768
31.5023927	1.22327016
31.5186143	1.24718058
31.5348359	1.27113285
31.5510576	1.29512072
31.5672792	1.31913778
31.5835008	1.3431774
31.5997224	1.36723276
31.6159441	1.39129679
31.6321657	1.41536216
31.6483873	1.43942128
31.6646089	1.46346627
31.6808305	1.48748891
31.6970522	1.51148067
31.7132738	1.53543268
31.7294954	1.55933569
31.745717	1.58318008
31.7619387	1.60695584
31.7781603	1.63065255
31.7943819	1.65425939
31.8106035	1.67776508
31.8268252	1.70115794
31.8430468	1.72442582
31.8592684	1.74755615
31.87549	1.77053587
31.8917117	1.79335149
31.9079333	1.81598907
31.9241549	1.8384342
31.9403765	1.86067202
31.9565981	1.88268722
31.9728198	1.90446407
31.9890414	1.92598639
32.005263	1.94723758
32.0214846	1.96820065
32.0377063	1.98885821
32.0539279	2.00919248
32.0701495	2.02918536
32.0863711	2.04881839
32.1025928	2.0680728
32.1188144	2.08692954
32.135036	2.10536932
32.1512576	2.12337259
32.1674792	2.14091963
32.1837009	2.15799054
32.1999225	2.1745653
32.2161441	2.19062378
32.2323657	2.20614582
32.2485874	2.22111123
32.264809	2.23549984
32.2810306	2.24929155
32.2972522	2.2624664
32.3134739	2.27500453
32.3296955	2.28688634
32.3459171	2.29809243
32.3621387	2.30860372
32.3783604	2.31840147
32.394582	2.32746732
32.4108036	2.33578336
32.4270252	2.34333217
32.4432468	2.35009684
32.4594685	2.35606109
32.4756901	2.36120922
32.4919117	2.36552626
32.5081333	2.36899794
32.524355	2.37161076
32.5405766	2.37335206
32.5567982	2.37421004
32.5730198	2.37417379
32.5892415	2.37323337
32.6054631	2.37137982
32.6216847	2.3686052
32.6379063	2.36490265
32.654128	2.36026642
32.6703496	2.35469185
32.6865712	2.3481755
32.7027928	2.34071507
32.7190144	2.3323095
32.7352361	2.32295898
32.7514577	2.31266495
32.7676793	2.30143011
32.7839009	2.28925849
32.8001226	2.27615539
32.8163442	2.26212745
32.8325658	2.24718261
32.8487874	2.23133013
32.8650091	2.21458061
32.8812307	2.19694593
32.8974523	2.17843933
32.9136739	2.1590753
32.9298956	2.13886963
32.9461172	2.11783938
32.9623388	2.09600285
32.9785604	2.07337958
32.994782	2.04999026
33.0110037	2.0258568
33.0272253	2.00100219
33.0434469	1.97545055
33.0596685	1.94922702
33.0758902	1.92235779
33.0921118	1.89486998
33.1083334	1.86679165
33.124555	1.83815172
33.1407767	1.80897993
33.1569983	1.77930676
33.1732199	1.7491634
33.1894415	1.71858169
33.2056631	1.68759405
33.2218848	1.65623339
33.2381064	1.62453311
33.254328	1.59252696
33.2705496	1.56024902
33.2867713	1.52773362
33.3029929	1.49501528
33.3192145	1.46212861
33.3354361	1.42910827
33.3516578	1.39598888
33.3678794	1.36280498
33.384101	1.32959091
33.4003226	1.29638079
33.4165443	1.26320841
33.4327659	1.23010721
33.4489875	1.19711015
33.4652091	1.16424969
33.4814307	1.13155772
33.4976524	1.09906548
33.513874	1.06680352
33.5300956	1.0348016
33.5463172	1.00308869
33.5625389	0.971692875
33.5787605	0.940641317
33.5949821	0.909960196
33.6112037	0.879674676
33.6274254	0.849808851
33.643647	0.820385707
33.6598686	0.791427089
33.6760902	0.762953658
33.6923119	0.734984869
33.7085335	0.707538936
33.7247551	0.680632814
33.7409767	0.654282178
33.7571983	0.628501402
33.77342	0.603303553
33.7896416	0.578700379
33.8058632	0.554702303
33.8220848	0.531318425
33.8383065	0.508556521
33.8545281	0.486423054
33.8707497	0.46492318
33.8869713	0.444060767
33.903193	0.423838407
33.9194146	0.404257444
33.9356362	0.385317992
33.9518578	0.36701897
33.9680794	0.349358129
33.9843011	0.33233209
34.0005227	0.315936382
34.0167443	0.30016548
34.0329659	0.285012853
34.0491876	0.27047101
34.0654092	0.256531547
34.0816308	0.2431852
34.0978524	0.230421899
34.1140741	0.218230825
34.1302957	0.206600465
34.1465173	0.195518672
34.1627389	0.184972726
34.1789606	0.174949397
34.1951822	0.165435007
34.2114038	0.156415489
34.2276254	0.14787646
34.243847	0.139803277
34.2600687	0.132181106
34.2762903	0.124994987
34.2925119	0.118229892
34.3087335	0.111870797
34.3249552	0.105902738
34.3411768	0.100310876
34.3573984	0.0950805538
34.37362	0.0901973613
34.3898417	0.0856471872
34.4060633	0.0814162772
34.4222849	0.0774912868
34.4385065	0.0738593335
34.4547282	0.070508045
34.4709498	0.0674256064
34.4871714	0.0646008036
34.503393	0.0620230649
34.5196146	0.0596824984
34.5358363	0.0575699277
34.5520579	0.055676923
34.5682795	0.0539958301
34.5845011	0.052519795
34.6007228	0.0512427858
34.6169444	0.0501596106
34.633166	0.0492659316
34.6493876	0.0485582764
34.6656093	0.0480340444
34.6818309	0.0476915106
34.6980525	0.0475298247
34.7142741	0.0475490075
34.7304958	0.0477499429
34.7467174	0.0481343663
34.762939	0.0487048497
34.7791606	0.049464783
34.7953822	0.0504183519
34.8116039	0.0515705128
34.8278255	0.0529269633
34.8440471	0.054494111
34.8602687	0.0562790378
34.8764904	0.0582894624
34.892712	0.0605336994
34.9089336	0.0630206156
34.9251552	0.0657595846
34.9413769	0.0687604379
34.9575985	0.072033415
34.9738201	0.0755891109
34.9900417	0.0794384216
35.0062633	0.0835924888
35.022485	0.0880626427
35.0387066	0.0928603431
35.0549282	0.0979971211
35.0711498	0.103484518
35.0873715	0.109334026
35.1035931	0.115557026
35.1198147	0.122164726
35.1360363	0.129168103
35.152258	0.136577841
35.1684796	0.144404268
35.1847012	0.152657303
35.2009228	0.16134639
35.2171445	0.170480449
35.2333661	0.180067813
35.2495877	0.190116179
35.2658093	0.200632553
35.2820309	0.211623199
35.2982526	0.223093595
35.3144742	0.23504838
35.3306958	0.247491318
35.3469174	0.260425252
35.3631391	0.273852067
35.3793607	0.287772657
35.3955823	0.30218689
35.4118039	0.31709358
35.4280256	0.332490464
35.4442472	0.348374175
35.4604688	0.364740227
35.4766904	0.381582997
35.4929121	0.398895716
35.5091337	0.416670456
35.5253553	0.434898132
35.5415769	0.453568497
35.5577985	0.472670146
35.5740202	0.492190519
35.5902418	0.51211592
35.6064634	0.53243152
35.622685	0.553121384
35.6389067	0.574168484
35.6551283	0.595554729
35.6713499	0.61726099
35.6875715	0.639267135
35.7037932	0.661552056
35.7200148	0.684093714
35.7362364	0.706869175
35.752458	0.729854657
35.7686796	0.753025572
35.7849013	0.776356577
35.8011229	0.799821626
35.8173445	0.82339402
35.8335661	0.847046465
35.8497878	0.870751132
35.8660094	0.89447971
35.882231	0.91820347
35.8984526	0.941893329
35.9146743	0.96551991
35.9308959	0.989053608
35.9471175	1.01246465
35.9633391	1.03572318
35.9795608	1.05879929
35.9957824	1.08166311
36.012004	1.1042849
36.0282256	1.12663503
36.0444472	1.14868417
36.0606689	1.17040322
36.0768905	1.19176349
36.0931121	1.21273669
36.1093337	1.23329503
36.1255554	1.25341125
36.141777	1.27305871
36.1579986	1.29221142
36.1742202	1.31084412
36.1904419	1.32893232
36.2066635	1.34645234
36.2228851	1.36338139
36.2391067	1.37969758
36.2553284	1.39537999
36.27155	1.41040872
36.2877716	1.42476487
36.3039932	1.43843067
36.3202148	1.45138942
36.3364365	1.46362557
36.3526581	1.47512475
36.3688797	1.48587376
36.3851013	1.49586061
36.401323	1.50507457
36.4175446	1.51350609
36.4337662	1.52114694
36.4499878	1.52799009
36.4662095	1.53402981
36.4824311	1.53926162
36.4986527	1.54368229
36.5148743	1.54728987
36.531096	1.55008364
36.5473176	1.55206411
36.5635392	1.55323303
36.5797608	1.55359334
36.5959824	1.55314917
36.6122041	1.55190581
36.6284257	1.54986968
36.6446473	1.54704832
36.6608689	1.54345034
36.6770906	1.53908539
36.6933122	1.53396414
36.7095338	1.52809824
36.7257554	1.52150026
36.7419771	1.51418369
36.7581987	1.50616285
36.7744203	1.4974529
36.7906419	1.48806974
36.8068635	1.47803002
36.8230852	1.46735106
36.8393068	1.4560508
36.8555284	1.4441478
36.87175	1.43166111
36.8879717	1.4186103
36.9041933	1.40501539
36.9204149	1.39089676
36.9366365	1.37627517
36.9528582	1.36117166
36.9690798	1.34560754
36.9853014	1.3296043
37.001523	1.31318361
37.0177447	1.29636725
37.0339663	1.27917708
37.0501879	1.26163499
37.0664095	1.24376284
37.0826311	1.22558247
37.0988528	1.2071156
37.1150744	1.18838385
37.131296	1.16940866
37.1475176	1.15021128
37.1637393	1.13081276
37.1799609	1.11123385
37.1961825	1.09149505
37.2124041	1.07161652
37.2286258	1.05161813
37.2448474	1.03151934
37.261069	1.01133928
37.2772906	0.991096663
37.2935123	0.970809785
37.3097339	0.950496531
37.3259555	0.930174344
37.3421771	0.909860219
37.3583987	0.889570699
37.3746204	0.869321863
37.390842	0.849129324
37.4070636	0.82900823
37.4232852	0.808973257
37.4395069	0.789038613
37.4557285	0.769218044
37.4719501	0.749524831
37.4881717	0.729971801
37.5043934	0.710571334
37.520615	0.691335368
37.5368366	0.672275411
37.5530582	0.653402551
37.5692799	0.634727469
37.5855015	0.616260451
37.6017231	0.598011398
37.6179447	0.579989846
37.6341663	0.562204978
37.650388	0.544665638
37.6666096	0.527380348
37.6828312	0.510357326
37.6990528	0.493604497
37.7152745	0.477129514
37.7314961	0.460939772
37.7477177	0.445042423
37.7639393	0.429444395
37.780161	0.414152402
37.7963826	0.399172966
37.8126042	0.384512425
37.8288258	0.37017695
37.8450474	0.356172556
37.8612691	0.342505119
37.8774907	0.32918038
37.8937123	0.316203961
37.9099339	0.303581375
37.9261556	0.291318028
37.9423772	0.279419235
37.9585988	0.26789022
37.9748204	0.256736122
37.9910421	0.245962
38.0072637	0.235572837
38.0234853	0.225573538
38.0397069	0.215968931
38.0559286	0.206763767
38.0721502	0.197962717
38.0883718	0.189570367
38.1045934	0.181591213
38.120815	0.174029657
38.1370367	0.166889998
38.1532583	0.160176422
38.1694799	0.153892994
38.1857015	0.148043645
38.2019232	0.142632164
38.2181448	0.13766218
38.2343664	0.133137153
38.250588	0.129060354
38.2668097	0.125434855
38.2830313	0.12226351
38.2992529	0.119548936
38.3154745	0.117293501
38.3316962	0.115499302
38.3479178	0.114168147
38.3641394	0.11330154
38.380361	0.112900659
38.3965826	0.112966337
38.4128043	0.113499047
38.4290259	0.114498881
38.4452475	0.115965531
38.4614691	0.117898272
38.4776908	0.120295946
38.4939124	0.123156942
38.510134	0.126479182
38.5263556	0.130260104
38.5425773	0.134496647
38.5587989	0.13918524
38.5750205	0.144321785
38.5912421	0.149901645
38.6074637	0.15591964
38.6236854	0.162370028
38.639907	0.169246504
38.6561286	0.176542191
38.6723502	0.184249631
38.6885719	0.192360789
38.7047935	0.200867044
38.7210151	0.20975919
38.7372367	0.219027439
38.7534584	0.228661422
38.76968	0.238650193
38.7859016	0.248982236
38.8021232	0.259645474
38.8183449	0.270627274
38.8345665	0.281914466
38.8507881	0.293493347
38.8670097	0.305349705
38.8832313	0.317468829
38.899453	0.32983553
38.9156746	0.342434161
38.9318962	0.35524864
38.9481178	0.368262468
38.9643395	0.381458761
38.9805611	0.39482027
38.9967827	0.408329414
39.0130043	0.421968306
39.029226	0.435718783
39.0454476	0.449562438
39.0616692	0.463480654
39.0778908	0.477454639
39.0941125	0.491465455
39.1103341	0.50549406
39.1265557	0.519521338
39.1427773	0.533528143
39.1589989	0.547495329
39.1752206	0.561403794
39.1914422	0.575234513
39.2076638	0.588968581
39.2238854	0.602587247
39.2401071	0.616071954
39.2563287	0.629404381
39.2725503	0.642566472
39.2887719	0.655540482
39.3049936	0.66830901
39.3212152	0.680855035
39.3374368	0.693161954
39.3536584	0.705213613
39.3698801	0.716994344
39.3861017	0.728488997
39.4023233	0.739682969
39.4185449	0.750562239
39.4347665	0.761113392
39.4509882	0.771323648
39.4672098	0.781180889
39.4834314	0.790673684
39.499653	0.799791307
39.5158747	0.808523763
39.5320963	0.816861804
39.5483179	0.824796946
39.5645395	0.832321486
39.5807612	0.839428515
39.5969828	0.846111924
39.6132044	0.852366422
39.629426	0.858187535
39.6456476	0.863571616
39.6618693	0.868515844
39.6780909	0.873018229
39.6943125	0.877077606
39.7105341	0.880693634
39.7267558	0.883866793
39.7429774	0.88659837
39.759199	0.888890455
39.7754206	0.890745929
39.7916423	0.892168446
39.8078639	0.893162423
39.8240855	0.893733021
39.8403071	0.893886125
39.8565288	0.893628325
39.8727504	0.892966894
39.888972	0.891909763
39.9051936	0.890465498
39.9214152	0.888643271
39.9376369	0.886452836
39.9538585	0.883904496
39.9700801	0.881009078
39.9863017	0.8777779
40.0025234	0.874222739
40.018745	0.870355799
40.0349666	0.86618968
40.0511882	0.861737344
40.0674099	0.85701208
40.0836315	0.852027472
40.0998531	0.846797366
40.1160747	0.841335834
40.1322964	0.83565714
40.148518	0.829775709
40.1647396	0.823706092
40.1809612	0.817462932
40.1971828	0.811060936
40.2134045	0.804514839
40.2296261	0.797839375
40.2458477	0.791049247
40.2620693	0.7841591
40.278291	0.777183487
40.2945126	0.770136851
40.3107342	0.76303349
40.3269558	0.755887541
40.3431775	0.74871295
40.3593991	0.741523455
40.3756207	0.734332564
40.3918423	0.727153536
40.4080639	0.719999365
40.4242856	0.712882762
40.4405072	0.705816144
40.4567288	0.69881162
40.4729504	0.691880981
40.4891721	0.685035688
40.5053937	0.678286871
40.5216153	0.671645315
40.5378369	0.665121463
40.5540586	0.658725409
40.5702802	0.652466899
40.5865018	0.64635533
40.6027234	0.640399755
40.6189451	0.634608882
40.6351667	0.628991085
40.6513883	0.623554404
40.6676099	0.618306556
40.6838315	0.613254945
40.7000532	0.608406668
40.7162748	0.60376853
40.7324964	0.599347053
40.748718	0.595148491
40.7649397	0.591178844
40.7811613	0.587443869
40.7973829	0.583949098
40.8136045	0.580699856
40.8298262	0.577701269
40.8460478	0.574958288
40.8622694	0.572475704
40.878491	0.570258162
40.8947127	0.568310177
40.9109343	0.566636157
40.9271559	0.56524041
40.9433775	0.564127169
40.9595991	0.563300602
40.9758208	0.562764826
40.9920424	0.562523929
41.008264	0.562581976
41.0244856	0.562943024
41.0407073	0.563611138
41.0569289	0.564590396
41.0731505	0.565884905
41.0893721	0.567498808
41.1055938	0.569436289
41.1218154	0.571701584
41.138037	0.574298984
41.1542586	0.577232839
41.1704803	0.580507564
41.1867019	0.584127635
41.2029235	0.588097591
41.2191451	0.592422035
41.2353667	0.597105627
41.2515884	0.602153082
41.26781	0.607569161
41.2840316	0.613358667
41.3002532	0.619526434
41.3164749	0.626077313
41.3326965	0.633016168
41.3489181	0.640347854
41.3651397	0.648077208
41.3813614	0.656209028
41.397583	0.66474806
41.4138046	0.673698977
41.4300262	0.68306636
41.4462478	0.692854674
41.4624695	0.70306825
41.4786911	0.71371126
41.4949127	0.724787695
41.5111343	0.736301336
41.527356	0.748255734
41.5435776	0.760654182
41.5597992	0.773499688
41.5760208	0.786794949
41.5922425	0.800542325
41.6084641	0.814743811
41.6246857	0.829401011
41.6409073	0.84451511
41.657129	0.860086848
41.6733506	0.876116493
41.6895722	0.892603816
41.7057938	0.909548067
41.7220154	0.926947945
41.7382371	0.944801583
41.7544587	0.963106516
41.7706803	0.981859664
41.7869019	1.00105731
41.8031236	1.02069509
41.8193452	1.04076794
41.8355668	1.06127014
41.8517884	1.08219523
41.8680101	1.10353606
41.8842317	1.12528474
41.9004533	1.14743261
41.9166749	1.1699703
41.9328966	1.19288766
41.9491182	1.21617379
41.9653398	1.23981702
41.9815614	1.26380492
41.997783	1.2881243
42.0140047	1.31276121
42.0302263	1.33770095
42.0464479	1.36292808
42.0626695	1.38842642
42.0788912	1.41417908
42.0951128	1.44016846
42.1113344	1.46637628
42.127556	1.49278358
42.1437777	1.51937078
42.1599993	1.54611764
42.1762209	1.57300335
42.1924425	1.60000653
42.2086641	1.62710525
42.2248858	1.65427709
42.2411074	1.68149913
42.257329	1.70874803
42.2735506	1.73600004
42.2897723	1.76323106
42.3059939	1.79041664
42.3222155	1.81753206
42.3384371	1.84455237
42.3546588	1.8714524
42.3708804	1.89820685
42.387102	1.92479029
42.4033236	1.95117725
42.4195453	1.97734223
42.4357669	2.00325976
42.4519885	2.02890446
42.4682101	2.05425107
42.4844317	2.07927452
42.5006534	2.10394994
42.516875	2.12825276
42.5330966	2.1521587
42.5493182	2.17564386
42.5655399	2.19868476
42.5817615	2.22125837
42.5979831	2.24334215
42.6142047	2.26491414
42.6304264	2.28595294
42.646648	2.30643779
42.6628696	2.3263486
42.6790912	2.34566601
42.6953129	2.36437138
42.7115345	2.38244686
42.7277561	2.39987545
42.7439777	2.41664094
42.7601993	2.43272806
42.776421	2.44812242
42.7926426	2.46281054
42.8088642	2.47677995
42.8250858	2.49001913
42.8413075	2.50251754
42.8575291	2.5142657
42.8737507	2.52525512
42.8899723	2.53547838
42.906194	2.54492909
42.9224156	2.55360194
42.9386372	2.56149267
42.9548588	2.5685981
42.9710805	2.57491609
42.9873021	2.58044558
43.0035237	2.58518659
43.0197453	2.58914016
43.0359669	2.59230838
43.0521886	2.59469438
43.0684102	2.5963023
43.0846318	2.59713726
43.1008534	2.5972054
43.1170751	2.59651378
43.1332967	2.59507042
43.1495183	2.59288424
43.1657399	2.58996504
43.1819616	2.58632351
43.1981832	2.58197111
43.2144048	2.57692015
43.2306264	2.57118367
43.246848	2.56477543
43.2630697	2.5577099
43.2792913	2.5500022
43.2955129	2.54166806
43.3117345	2.53272379
43.3279562	2.52318623
43.3441778	2.51307272
43.3603994	2.50240105
43.376621	2.49118945
43.3928427	2.47945647
43.4090643	2.46722103
43.4252859	2.45450233
43.4415075	2.4413198
43.4577292	2.42769308
43.4739508	2.41364196
43.4901724	2.39918637
43.506394	2.3843463
43.5226156	2.36914178
43.5388373	2.35359282
43.5550589	2.33771943
43.5712805	2.32154148
43.5875021	2.30507877
43.6037238	2.28835092
43.6199454	2.27137736
43.636167	2.2541773
43.6523886	2.23676969
43.6686103	2.21917319
43.6848319	2.20140612
43.7010535	2.18348649
43.7172751	2.16543189
43.7334968	2.14725954
43.7497184	2.12898621
43.76594	2.11062824
43.7821616	2.09220147
43.7983832	2.07372127
43.8146049	2.05520251
43.8308265	2.0366595
43.8470481	2.01810604
43.8632697	1.99955536
43.8794914	1.98102014
43.895713	1.96251248
43.9119346	1.94404389
43.9281562	1.9256253
43.9443779	1.90726705
43.9605995	1.88897888
43.9768211	1.87076992
43.9930427	1.85264873
44.0092643	1.83462325
44.025486	1.81670084
44.0417076	1.79888827
44.0579292	1.78119171
44.0741508	1.76361676
44.0903725	1.74616847
44.1065941	1.72885131
44.1228157	1.71166921
44.1390373	1.69462555
44.155259	1.67772318
44.1714806	1.66096447
44.1877022	1.64435125
44.2039238	1.62788489
44.2201455	1.61156629
44.2363671	1.59539587
44.2525887	1.57937366
44.2688103	1.56349923
44.2850319	1.54777176
44.3012536	1.53219006
44.3174752	1.51675256
44.3336968	1.50145734
44.3499184	1.48630218
44.3661401	1.47128452
44.3823617	1.45640152
44.3985833	1.44165008
44.4148049	1.42702683
44.4310266	1.41252817
44.4472482	1.39815031
44.4634698	1.38388925
44.4796914	1.36974079
44.4959131	1.35570061
44.5121347	1.34176422
44.5283563	1.32792703
44.5445779	1.31418434
44.5607995	1.30053134
44.5770212	1.28696317
44.5932428	1.27347491
44.6094644	1.26006159
44.625686	1.24671824
44.6419077	1.23343984
44.6581293	1.22022142
44.6743509	1.20705799
44.6905725	1.1939446
44.7067942	1.18087637
44.7230158	1.16784844
44.7392374	1.15485603
44.755459	1.14189445
44.7716807	1.1289591
44.7879023	1.11604545
44.8041239	1.10314911
44.8203455	1.09026581
44.8365671	1.07739139
44.8527888	1.06452183
44.8690104	1.05165327
44.885232	1.03878198
44.9014536	1.0259044
44.9176753	1.01301714
44.9338969	1.00011697
44.9501185	0.987200837
44.9663401	0.974265888
44.9825618	0.961309444
44.9987834	0.948329024
45.015005	0.935322344
45.0312266	0.922287325
45.0474482	0.909222091
45.0636699	0.89612498
45.0798915	0.882994544
45.0961131	0.869829552
45.1123347	0.856628993
45.1285564	0.843392082
45.144778	0.830118262
45.1609996	0.816807202
45.1772212	0.803458806
45.1934429	0.790073213
45.2096645	0.776650796
45.2258861	0.76319217
45.2421077	0.749698189
45.2583294	0.736169948
45.274551	0.722608788
45.2907726	0.709016296
45.3069942	0.695394304
45.3232158	0.68174489
45.3394375	0.668070386
45.3556591	0.654373367
45.3718807	0.640656663
45.3881023	0.626923351
45.404324	0.613176759
45.4205456	0.599420466
45.4367672	0.585658301
45.4529888	0.57189434
45.4692105	0.55813291
45.4854321	0.544378585
45.5016537	0.530636183
45.5178753	0.516910769
45.534097	0.503207646
45.5503186	0.489532361
45.5665402	0.475890696
45.5827618	0.462288666
45.5989834	0.448732517
45.6152051	0.435228722
45.6314267	0.421783975
45.6476483	0.408405188
45.6638699	0.395099484
45.6800916	0.381874194
45.6963132	0.368736847
45.7125348	0.355695168
45.7287564	0.342757067
45.7449781	0.329930633
45.7611997	0.317224128
45.7774213	0.304645974
45.7936429	0.292204748
45.8098645	0.27990917
45.8260862	0.267768094
45.8423078	0.255790498
45.8585294	0.243985473
45.874751	0.232362209
45.8909727	0.220929987
45.9071943	0.209698165
45.9234159	0.198676163
45.9396375	0.187873455
45.9558592	0.177299551
45.9720808	0.166963983
45.9883024	0.156876296
46.004524	0.147046026
46.0207457	0.137482691
46.0369673	0.128195775
46.0531889	0.119194709
46.0694105	0.110488859
46.0856321	0.102087512
46.1018538	0.0939998528
46.1180754	0.086234958
46.134297	0.0788017726
46.1505186	0.0717090978
46.1667403	0.0649655738
46.1829619	0.0585796649
46.1991835	0.0525596434
46.2154051	0.0469135748
46.2316268	0.0416493019
46.2478484	0.0367744305
46.26407	0.0322963149
46.2802916	0.0282220434
46.2965133	0.0245584245
46.3127349	0.0213119742
46.3289565	0.0184889023
46.3451781	0.016095101
46.3613997	0.0141361326
46.3776214	0.0126172188
46.393843	0.0115432303
46.4100646	0.010918677
46.4262862	0.010747699
46.4425079	0.0110340588
46.4587295	0.0117811336
46.4749511	0.0129919088
46.4911727	0.0146689726
46.5073944	0.0168145112
46.523616	0.0194303046
46.5398376	0.0225177241
46.5560592	0.02607773
46.5722809	0.0301108708
46.5885025	0.034617283
46.6047241	0.0395966922
46.6209457	0.0450484146
46.6371673	0.0509713601
46.653389	0.0573640364
46.6696106	0.0642245531
46.6858322	0.0715506281
46.7020538	0.0793395938
46.7182755	0.0875884049
46.7344971	0.0962936468
46.7507187	0.105451545
46.7669403	0.115057975
46.783162	0.125108473
46.7993836	0.135598249
46.8156052	0.146522198
46.8318268	0.157874913
46.8480484	0.1696507
46.8642701	0.181843591
46.8804917	0.194447358
46.8967133	0.207455532
46.9129349	0.220861417
46.9291566	0.234658103
46.9453782	0.248838487
46.9615998	0.263395288
46.9778214	0.278321063
46.9940431	0.293608226
47.0102647	0.309249062
47.0264863	0.325235747
47.0427079	0.341560364
47.0589296	0.358214918
47.0751512	0.375191357
47.0913728	0.392481582
47.1075944	0.410077469
47.123816	0.427970879
47.1400377	0.446153679
47.1562593	0.464617749
47.1724809	0.483355002
47.1887025	0.502357397
47.2049242	0.521616945
47.2211458	0.541125728
47.2373674	0.560875906
47.253589	0.580859726
47.2698107	0.601069533
47.2860323	0.621497778
47.3022539	0.642137022
47.3184755	0.662979944
47.3346972	0.684019348
47.3509188	0.705248159
47.3671404	0.726659434
47.383362	0.748246356
47.3995836	0.770002241
47.4158053	0.791920528
47.4320269	0.813994786
47.4482485	0.836218702
47.4644701	0.858586082
47.4806918	0.881090843
47.4969134	0.903727003
47.513135	0.926488678
47.5293566	0.949370067
47.5455783	0.972365445
47.5617999	0.995469151
47.5780215	1.01867557
47.5942431	1.04197913
47.6104647	1.06537428
47.6266864	1.08885546
47.642908	1.11241713
47.6591296	1.1360537
47.6753512	1.15975953
47.6915729	1.18352894
47.7077945	1.20735614
47.7240161	1.23123527
47.7402377	1.25516033
47.7564594	1.27912517
47.772681	1.30312349
47.7889026	1.32714881
47.8051242	1.35119445
47.8213459	1.37525349
47.8375675	1.3993188
47.8537891	1.42338295
47.8700107	1.44743825
47.8862323	1.47147671
47.902454	1.49549002
47.9186756	1.51946954
47.9348972	1.54340626
47.9511188	1.56729082
47.9673405	1.59111346
47.9835621	1.61486405
47.9997837	1.63853203
48.0160053	1.66210643
48.032227	1.68557583
48.0484486	1.7089284
48.0646702	1.73215185
48.0808918	1.75523344
48.0971135	1.77815999
48.1133351	1.80091784
48.1295567	1.82349289
48.1457783	1.84587059
48.1619999	1.86803592
48.1782216	1.88997344
48.1944432	1.91166727
48.2106648	1.93310107
48.2268864	1.95425813
48.2431081	1.97512132
48.2593297	1.99567311
48.2755513	2.01589561
48.2917729	2.03577061
48.3079946	2.05527953
48.3242162	2.07440351
48.3404378	2.09312343
48.3566594	2.11141988
48.3728811	2.12927328
48.3891027	2.14666383
48.4053243	2.16357158
48.4215459	2.17997648
48.4377675	2.1958584
48.4539892	2.21119713
48.4702108	2.22597251
48.4864324	2.24016439
48.502654	2.25375269
48.5188757	2.2667175
48.5350973	2.27903902
48.5513189	2.29069773
48.5675405	2.30167433
48.5837622	2.31194983
48.5999838	2.32150564
48.6162054	2.33032352
48.632427	2.33838572
48.6486486	2.345675
