# t0_us	theta_over_pi_weighted_mean
0	5.54914187
0.00810810811	5.52434193
0.0162162162	5.49910001
0.0243243243	5.47342118
0.0324324324	5.44731069
0.0405405405	5.42077387
0.0486486486	5.39381622
0.0567567568	5.36644336
0.0648648649	5.33866102
0.072972973	5.31047508
0.0810810811	5.28189152
0.0891891892	5.25291646
0.0972972973	5.22355612
0.105405405	5.19381685
0.113513514	5.16370511
0.121621622	5.13322746
0.12972973	5.1023906
0.137837838	5.0712013
0.145945946	5.03966646
0.154054054	5.00779307
0.162162162	4.97558821
0.17027027	4.94305906
0.178378378	4.91021292
0.186486486	4.87705714
0.194594595	4.84359917
0.202702703	4.80984656
0.210810811	4.77580693
0.218918919	4.74148796
0.227027027	4.70689742
0.235135135	4.67204317
0.243243243	4.6369331
0.251351351	4.60157519
0.259459459	4.56597748
0.267567568	4.53014806
0.275675676	4.49409507
0.283783784	4.45782671
0.291891892	4.42135122
0.3	4.3846769
0.308108108	4.34781208
0.316216216	4.31076512
0.324324324	4.27354442
0.332432432	4.23615841
0.340540541	4.19861555
0.348648649	4.16092431
0.356756757	4.12309319
0.364864865	4.0851307
0.372972973	4.04704538
0.381081081	4.00884574
0.389189189	3.97054032
0.397297297	3.93213766
0.405405405	3.8936463
0.413513514	3.85507476
0.421621622	3.81643155
0.42972973	3.77772518
0.437837838	3.73896412
0.445945946	3.70015686
0.454054054	3.66131181
0.462162162	3.62243739
0.47027027	3.58354198
0.478378378	3.54463392
0.486486486	3.50572152
0.494594595	3.46681302
0.502702703	3.42791665
0.510810811	3.38904057
0.518918919	3.35019289
0.527027027	3.31138167
0.535135135	3.2726149
0.543243243	3.23390051
0.551351351	3.19524638
0.559459459	3.15666031
0.567567568	3.11815001
0.575675676	3.07972314
0.583783784	3.04138727
0.591891892	3.00314989
0.6	2.96501842
0.608108108	2.92700016
0.616216216	2.88910236
0.624324324	2.85133214
0.632432432	2.81369656
0.640540541	2.77620255
0.648648649	2.73885697
0.656756757	2.70166655
0.664864865	2.66463793
0.672972973	2.62777764
0.681081081	2.5910921
0.689189189	2.55458763
0.697297297	2.51827041
0.705405405	2.48214653
0.713513514	2.44622194
0.721621622	2.4105025
0.72972973	2.37499391
0.737837838	2.33970178
0.745945946	2.30463159
0.754054054	2.26978867
0.762162162	2.23517825
0.77027027	2.20080542
0.778378378	2.16667514
0.786486486	2.13279225
0.794594595	2.09916144
0.802702703	2.06578727
0.810810811	2.03267418
0.818918919	1.99982646
0.827027027	1.96724828
0.835135135	1.93494366
0.843243243	1.90291648
0.851351351	1.87117051
0.859459459	1.83970935
0.867567568	1.80853648
0.875675676	1.77765524
0.883783784	1.74706884
0.891891892	1.71678033
0.9	1.68679264
0.908108108	1.65710856
0.916216216	1.62773075
0.924324324	1.59866171
0.932432432	1.56990384
0.940540541	1.54145937
0.948648649	1.51333041
0.956756757	1.48551894
0.964864865	1.4580268
0.972972973	1.4308557
0.981081081	1.40400722
0.989189189	1.37748281
0.997297297	1.35128379
1.00540541	1.32541135
1.01351351	1.29986656
1.02162162	1.27465035
1.02972973	1.24976355
1.03783784	1.22520686
1.04594595	1.20098084
1.05405405	1.17708596
1.06216216	1.15352256
1.07027027	1.13029086
1.07837838	1.10739098
1.08648649	1.08482292
1.09459459	1.06258657
1.1027027	1.04068173
1.11081081	1.01910807
1.11891892	0.997865175
1.12702703	0.976952529
1.13513514	0.956369513
1.14324324	0.936115416
1.15135135	0.916189435
1.15945946	0.896590674
1.16756757	0.877318153
1.17567568	0.858370805
1.18378378	0.839747481
1.19189189	0.821446951
1.2	0.803467912
1.20810811	0.785808982
1.21621622	0.76846871
1.22432432	0.751445578
1.23243243	0.734737999
1.24054054	0.718344326
1.24864865	0.702262849
1.25675676	0.686491803
1.26486486	0.671029369
1.27297297	0.655873675
1.28108108	0.641022802
1.28918919	0.626474786
1.2972973	0.61222762
1.30540541	0.598279256
1.31351351	0.584627613
1.32162162	0.571270573
1.32972973	0.558205989
1.33783784	0.545431687
1.34594595	0.532945467
1.35405405	0.520745108
1.36216216	0.508828371
1.37027027	0.497192999
1.37837838	0.485836725
1.38648649	0.474757268
1.39459459	0.463952342
1.4027027	0.453419658
1.41081081	0.443156922
1.41891892	0.433161844
1.42702703	0.423432135
1.43513514	0.413965514
1.44324324	0.404759711
1.45135135	0.395812463
1.45945946	0.387121526
1.46756757	0.378684671
1.47567568	0.370499686
1.48378378	0.362564386
1.49189189	0.354876604
1.5	0.347434205
1.50810811	0.340235079
1.51621622	0.333277149
1.52432432	0.326558369
1.53243243	0.320076731
1.54054054	0.313830261
1.54864865	0.307817027
1.55675676	0.302035138
1.56486486	0.296482743
1.57297297	0.291158039
1.58108108	0.286059268
1.58918919	0.28118472
1.5972973	0.276532736
1.60540541	0.272101706
1.61351351	0.267890074
1.62162162	0.263896338
1.62972973	0.26011905
1.63783784	0.25655682
1.64594595	0.253208314
1.65405405	0.250072257
1.66216216	0.247147434
1.67027027	0.244432689
1.67837838	0.241926929
1.68648649	0.23962912
1.69459459	0.237538294
1.7027027	0.235653542
1.71081081	0.233974023
1.71891892	0.232498955
1.72702703	0.231227623
1.73513514	0.230159376
1.74324324	0.229293626
1.75135135	0.228629852
1.75945946	0.228167594
1.76756757	0.227906459
1.77567568	0.227846116
1.78378378	0.2279863
1.79189189	0.228326807
1.8	0.228867498
1.80810811	0.229608294
1.81621622	0.23054918
1.82432432	0.2316902
1.83243243	0.233031459
1.84054054	0.234573123
1.84864865	0.236315413
1.85675676	0.23825861
1.86486486	0.240403051
1.87297297	0.242749127
1.88108108	0.245297283
1.88918919	0.248048017
1.8972973	0.251001878
1.90540541	0.254159465
1.91351351	0.257521424
1.92162162	0.261088449
1.92972973	0.264861278
1.93783784	0.268840691
1.94594595	0.273027513
1.95405405	0.277422604
1.96216216	0.282026864
1.97027027	0.286841229
1.97837838	0.291866667
1.98648649	0.297104178
1.99459459	0.302554792
2.0027027	0.308219566
2.01081081	0.314099582
2.01891892	0.320195943
2.02702703	0.326509775
2.03513514	0.33304222
2.04324324	0.339794437
2.05135135	0.346767597
2.05945946	0.353962882
2.06756757	0.361381482
2.07567568	0.369024594
2.08378378	0.376893416
2.09189189	0.384989149
2.1	0.393312989
2.10810811	0.40186613
2.11621622	0.410649756
2.12432432	0.419665042
2.13243243	0.428913153
2.14054054	0.438395234
2.14864865	0.448112414
2.15675676	0.458065802
2.16486486	0.468256482
2.17297297	0.478685513
2.18108108	0.489353925
2.18918919	0.500262714
2.1972973	0.511412844
2.20540541	0.522805243
2.21351351	0.534440796
2.22162162	0.546320348
2.22972973	0.558444698
2.23783784	0.570814598
2.24594595	0.583430749
2.25405405	0.596293799
2.26216216	0.609404343
2.27027027	0.622762915
2.27837838	0.63636999
2.28648649	0.65022598
2.29459459	0.664331232
2.3027027	0.678686024
2.31081081	0.693290565
2.31891892	0.708144992
2.32702703	0.723249366
2.33513514	0.738603673
2.34324324	0.754207818
2.35135135	0.770061627
2.35945946	0.786164839
2.36756757	0.802517113
2.37567568	0.819118016
2.38378378	0.83596703
2.39189189	0.853063542
2.4	0.870406849
2.40810811	0.887996153
2.41621622	0.905830559
2.42432432	0.923909076
2.43243243	0.942230613
2.44054054	0.960793976
2.44864865	0.979597874
2.45675676	0.998640908
2.46486486	1.01792158
2.47297297	1.03743827
2.48108108	1.05718928
2.48918919	1.07717278
2.4972973	1.09738684
2.50540541	1.11782941
2.51351351	1.13849836
2.52162162	1.15939141
2.52972973	1.1805062
2.53783784	1.20184024
2.54594595	1.22339092
2.55405405	1.24515554
2.56216216	1.26713128
2.57027027	1.2893152
2.57837838	1.31170424
2.58648649	1.33429524
2.59459459	1.35708493
2.6027027	1.3800699
2.61081081	1.40324667
2.61891892	1.42661161
2.62702703	1.45016098
2.63513514	1.47389096
2.64324324	1.49779759
2.65135135	1.52187681
2.65945946	1.54612444
2.66756757	1.5705362
2.67567568	1.59510771
2.68378378	1.61983447
2.69189189	1.64471188
2.7	1.66973522
2.70810811	1.6948997
2.71621622	1.7202004
2.72432432	1.7456323
2.73243243	1.7711903
2.74054054	1.79686919
2.74864865	1.82266366
2.75675676	1.84856832
2.76486486	1.87457767
2.77297297	1.90068613
2.78108108	1.92688803
2.78918919	1.95317762
2.7972973	1.97954905
2.80540541	2.0059964
2.81351351	2.03251368
2.82162162	2.05909479
2.82972973	2.08573359
2.83783784	2.11242384
2.84594595	2.13915925
2.85405405	2.16593346
2.86216216	2.19274002
2.87027027	2.21957245
2.87837838	2.24642419
2.88648649	2.27328863
2.89459459	2.3001591
2.9027027	2.3270289
2.91081081	2.35389125
2.91891892	2.38073934
2.92702703	2.40756633
2.93513514	2.43436531
2.94324324	2.46112936
2.95135135	2.48785153
2.95945946	2.5145248
2.96756757	2.54114218
2.97567568	2.56769661
2.98378378	2.59418102
2.99189189	2.62058834
3	2.64691148
3.00810811	2.67314332
3.01621622	2.69927676
3.02432432	2.72530466
3.03243243	2.75121993
3.04054054	2.77701543
3.04864865	2.80268406
3.05675676	2.82821871
3.06486486	2.8536123
3.07297297	2.87885776
3.08108108	2.90394802
3.08918919	2.92887606
3.0972973	2.95363487
3.10540541	2.97821747
3.11351351	3.00261692
3.12162162	3.02682631
3.12972973	3.05083877
3.13783784	3.07464747
3.14594595	3.09824563
3.15405405	3.12162652
3.16216216	3.14478345
3.17027027	3.16770979
3.17837838	3.19039899
3.18648649	3.21284453
3.19459459	3.23503997
3.2027027	3.25697893
3.21081081	3.27865512
3.21891892	3.30006229
3.22702703	3.32119429
3.23513514	3.34204506
3.24324324	3.36260858
3.25135135	3.38287897
3.25945946	3.40285038
3.26756757	3.4225171
3.27567568	3.44187348
3.28378378	3.46091399
3.29189189	3.47963317
3.3	3.49802568
3.30810811	3.51608629
3.31621622	3.53380985
3.32432432	3.55119133
3.33243243	3.56822583
3.34054054	3.58490852
3.34864865	3.60123472
3.35675676	3.61719984
3.36486486	3.63279944
3.37297297	3.64802917
3.38108108	3.66288481
3.38918919	3.67736227
3.3972973	3.69145757
3.40540541	3.70516689
3.41351351	3.71848649
3.42162162	3.73141281
3.42972973	3.74394238
3.43783784	3.75607189
3.44594595	3.76779814
3.45405405	3.77911808
3.46216216	3.79002881
3.47027027	3.80052753
3.47837838	3.81061161
3.48648649	3.82027854
3.49459459	3.82952597
3.5027027	3.83835166
3.51081081	3.84675354
3.51891892	3.85472966
3.52702703	3.86227822
3.53513514	3.86939757
3.54324324	3.87608619
3.55135135	3.88234271
3.55945946	3.8881659
3.56756757	3.89355468
3.57567568	3.89850809
3.58378378	3.90302535
3.59189189	3.90710579
3.6	3.9107489
3.60810811	3.9139543
3.61621622	3.91672176
3.62432432	3.9190512
3.63243243	3.92094266
3.64054054	3.92239633
3.64864865	3.92341255
3.65675676	3.92399178
3.66486486	3.92413463
3.67297297	3.92384185
3.68108108	3.92311432
3.68918919	3.92195304
3.6972973	3.92035918
3.70540541	3.91833402
3.71351351	3.91587897
3.72162162	3.91299557
3.72972973	3.9096855
3.73783784	3.90595057
3.74594595	3.90179269
3.75405405	3.89721394
3.76216216	3.89221647
3.77027027	3.8868026
3.77837838	3.88097474
3.78648649	3.87473543
3.79459459	3.86808732
3.8027027	3.86103319
3.81081081	3.85357591
3.81891892	3.84571848
3.82702703	3.837464
3.83513514	3.82881569
3.84324324	3.81977686
3.85135135	3.81035093
3.85945946	3.80054142
3.86756757	3.79035194
3.87567568	3.77978623
3.88378378	3.76884808
3.89189189	3.75754141
3.9	3.7458702
3.90810811	3.73383855
3.91621622	3.72145062
3.92432432	3.70871067
3.93243243	3.69562302
3.94054054	3.6821921
3.94864865	3.66842239
3.95675676	3.65431846
3.96486486	3.63988495
3.97297297	3.62512656
3.98108108	3.61004806
3.98918919	3.59465431
3.9972973	3.57895019
4.00540541	3.56294067
4.01351351	3.54663077
4.02162162	3.53002556
4.02972973	3.51313018
4.03783784	3.4959498
4.04594595	3.47848964
4.05405405	3.46075499
4.06216216	3.44275115
4.07027027	3.42448348
4.07837838	3.40595739
4.08648649	3.38717829
4.09459459	3.36815167
4.1027027	3.34888301
4.11081081	3.32937784
4.11891892	3.30964173
4.12702703	3.28968024
4.13513514	3.26949898
4.14324324	3.24910358
4.15135135	3.22849967
4.15945946	3.20769292
4.16756757	3.18668898
4.17567568	3.16549356
4.18378378	3.14411233
4.19189189	3.12255101
4.2	3.10081529
4.20810811	3.07891089
4.21621622	3.05684352
4.22432432	3.03461889
4.23243243	3.01224271
4.24054054	2.98972069
4.24864865	2.96705852
4.25675676	2.9442619
4.26486486	2.92133651
4.27297297	2.89828803
4.28108108	2.8751221
4.28918919	2.85184439
4.2972973	2.8284605
4.30540541	2.80497607
4.31351351	2.78139667
4.32162162	2.75772788
4.32972973	2.73397525
4.33783784	2.71014431
4.34594595	2.68624055
4.35405405	2.66226946
4.36216216	2.63823647
4.37027027	2.61414701
4.37837838	2.59000647
4.38648649	2.56582021
4.39459459	2.54159354
4.4027027	2.51733177
4.41081081	2.49304015
4.41891892	2.46872391
4.42702703	2.44438823
4.43513514	2.42003827
4.44324324	2.39567913
4.45135135	2.37131588
4.45945946	2.34695357
4.46756757	2.32259719
4.47567568	2.29825168
4.48378378	2.27392196
4.49189189	2.2496129
4.5	2.22532932
4.50810811	2.201076
4.51621622	2.17685768
4.52432432	2.15267906
4.53243243	2.12854478
4.54054054	2.10445945
4.54864865	2.08042762
4.55675676	2.0564538
4.56486486	2.03254246
4.57297297	2.00869802
4.58108108	1.98492484
4.58918919	1.96122725
4.5972973	1.93760954
4.60540541	1.91407591
4.61351351	1.89063057
4.62162162	1.86727763
4.62972973	1.84402119
4.63783784	1.82086529
4.64594595	1.7978139
4.65405405	1.77487099
4.66216216	1.75204043
4.67027027	1.72932607
4.67837838	1.70673172
4.68648649	1.68426112
4.69459459	1.66191798
4.7027027	1.63970594
4.71081081	1.61762863
4.71891892	1.59568959
4.72702703	1.57389235
4.73513514	1.55224036
4.74324324	1.53073706
4.75135135	1.5093858
4.75945946	1.48818992
4.76756757	1.46715269
4.77567568	1.44627736
4.78378378	1.42556711
4.79189189	1.40502509
4.8	1.38465438
4.80810811	1.36445805
4.81621622	1.3444391
4.82432432	1.3246005
4.83243243	1.30494517
4.84054054	1.28547598
4.84864865	1.26619576
4.85675676	1.24710731
4.86486486	1.22821336
4.87297297	1.20951663
4.88108108	1.19101976
4.88918919	1.17272538
4.8972973	1.15463606
4.90540541	1.13675434
4.91351351	1.1190827
4.92162162	1.1016236
4.92972973	1.08437944
4.93783784	1.06735259
4.94594595	1.05054538
4.95405405	1.03396008
4.96216216	1.01759895
4.97027027	1.00146419
4.97837838	0.985557965
4.98648649	0.969882391
4.99459459	0.954439556
5.0027027	0.939231502
5.01081081	0.924260231
5.01891892	0.909527708
5.02702703	0.895035854
5.03513514	0.880786554
5.04324324	0.866781652
5.05135135	0.85302295
5.05945946	0.839512213
5.06756757	0.826251165
5.07567568	0.81324149
5.08378378	0.800484834
5.09189189	0.787982799
5.1	0.775736952
5.10810811	0.763748815
5.11621622	0.752019872
5.12432432	0.740551567
5.13243243	0.729345302
5.14054054	0.718402439
5.14864865	0.707724299
5.15675676	0.697312162
5.16486486	0.687167264
5.17297297	0.677290803
5.18108108	0.667683933
5.18918919	0.658347765
5.1972973	0.649283369
5.20540541	0.640491772
5.21351351	0.631973957
5.22162162	0.623730863
5.22972973	0.615763386
5.23783784	0.608072378
5.24594595	0.600658645
5.25405405	0.593522949
5.26216216	0.586666006
5.27027027	0.580088487
5.27837838	0.573791015
5.28648649	0.567774166
5.29459459	0.562038472
5.3027027	0.556584414
5.31081081	0.551412426
5.31891892	0.546522892
5.32702703	0.54191615
5.33513514	0.537592484
5.34324324	0.533552132
5.35135135	0.529795278
5.35945946	0.526322057
5.36756757	0.523132551
5.37567568	0.520226791
5.38378378	0.517604753
5.39189189	0.515266361
5.4	0.513211487
5.40810811	0.511439946
5.41621622	0.509951499
5.42432432	0.508745852
5.43243243	0.507822655
5.44054054	0.5071815
5.44864865	0.506821925
5.45675676	0.506743409
5.46486486	0.506945372
5.47297297	0.507427177
5.48108108	0.508188129
5.48918919	0.509227471
5.4972973	0.510544389
5.50540541	0.512138007
5.51351351	0.514007389
5.52162162	0.516151537
5.52972973	0.518569393
5.53783784	0.521259836
5.54594595	0.524221682
5.55405405	0.527453688
5.56216216	0.530954543
5.57027027	0.534722876
5.57837838	0.538757252
5.58648649	0.543056172
5.59459459	0.547618072
5.6027027	0.552441324
5.61081081	0.557524237
5.61891892	0.562865054
5.62702703	0.568461952
5.63513514	0.574313046
5.64324324	0.580416382
5.65135135	0.586769944
5.65945946	0.59337165
5.66756757	0.600219351
5.67567568	0.607310834
5.68378378	0.614643823
5.69189189	0.622215972
5.7	0.630024873
5.70810811	0.638068054
5.71621622	0.646342975
5.72432432	0.654847034
5.73243243	0.663577564
5.74054054	0.672531833
5.74864865	0.681707046
5.75675676	0.691100345
5.76486486	0.700708808
5.77297297	0.71052945
5.78108108	0.720559224
5.78918919	0.730795023
5.7972973	0.741233677
5.80540541	0.751871954
5.81351351	0.762706565
5.82162162	0.773734158
5.82972973	0.784951327
5.83783784	0.796354602
5.84594595	0.807940459
5.85405405	0.819705317
5.86216216	0.83164554
5.87027027	0.843757434
5.87837838	0.856037254
5.88648649	0.8684812
5.89459459	0.881085421
5.9027027	0.893846014
5.91081081	0.906759025
5.91891892	0.919820453
5.92702703	0.933026246
5.93513514	0.946372309
5.94324324	0.959854498
5.95135135	0.973468625
5.95945946	0.987210461
5.96756757	1.00107573
5.97567568	1.01506013
5.98378378	1.02915929
5.99189189	1.04336883
6	1.05768433
6.00810811	1.07210132
6.01621622	1.0866153
6.02432432	1.10122174
6.03243243	1.1159161
6.04054054	1.13069378
6.04864865	1.14555017
6.05675676	1.16048062
6.06486486	1.17548047
6.07297297	1.19054504
6.08108108	1.20566961
6.08918919	1.22084947
6.0972973	1.23607986
6.10540541	1.25135603
6.11351351	1.2666732
6.12162162	1.28202659
6.12972973	1.29741139
6.13783784	1.31282282
6.14594595	1.32825605
6.15405405	1.34370628
6.16216216	1.35916868
6.17027027	1.37463844
6.17837838	1.39011073
6.18648649	1.40558075
6.19459459	1.42104369
6.2027027	1.43649473
6.21081081	1.4519291
6.21891892	1.467342
6.22702703	1.48272867
6.23513514	1.49808435
6.24324324	1.5134043
6.25135135	1.5286838
6.25945946	1.54391816
6.26756757	1.55910269
6.27567568	1.57423274
6.28378378	1.58930369
6.29189189	1.60431094
6.3	1.61924992
6.30810811	1.6341161
6.31621622	1.64890497
6.32432432	1.66361208
6.33243243	1.67823299
6.34054054	1.69276332
6.34864865	1.70719872
6.35675676	1.7215349
6.36486486	1.73576759
6.37297297	1.74989259
6.38108108	1.76390574
6.38918919	1.77780293
6.3972973	1.7915801
6.40540541	1.80523326
6.41351351	1.81875845
6.42162162	1.83215179
6.42972973	1.84540945
6.43783784	1.85852767
6.44594595	1.87150273
6.45405405	1.88433101
6.46216216	1.89700892
6.47027027	1.90953296
6.47837838	1.92189968
6.48648649	1.93410573
6.49459459	1.9461478
6.5027027	1.95802268
6.51081081	1.9697272
6.51891892	1.9812583
6.52702703	1.99261299
6.53513514	2.00378834
6.54324324	2.01478151
6.55135135	2.02558974
6.55945946	2.03621037
6.56756757	2.04664078
6.57567568	2.05687848
6.58378378	2.06692103
6.59189189	2.0767661
6.6	2.08641143
6.60810811	2.09585485
6.61621622	2.10509428
6.62432432	2.11412773
6.63243243	2.1229533
6.64054054	2.13156919
6.64864865	2.13997366
6.65675676	2.14816508
6.66486486	2.15614194
6.67297297	2.16390276
6.68108108	2.17144621
6.68918919	2.17877102
6.6972973	2.18587603
6.70540541	2.19276016
6.71351351	2.19942243
6.72162162	2.20586196
6.72972973	2.21207796
6.73783784	2.21806972
6.74594595	2.22383664
6.75405405	2.22937822
6.76216216	2.23469404
6.77027027	2.23978377
6.77837838	2.24464719
6.78648649	2.24928416
6.79459459	2.25369464
6.8027027	2.25787868
6.81081081	2.26183642
6.81891892	2.2655681
6.82702703	2.26907405
6.83513514	2.27235468
6.84324324	2.27541049
6.85135135	2.2782421
6.85945946	2.28085017
6.86756757	2.2832355
6.87567568	2.28539894
6.88378378	2.28734144
6.89189189	2.28906403
6.9	2.29056785
6.90810811	2.29185409
6.91621622	2.29292404
6.92432432	2.29377908
6.93243243	2.29442065
6.94054054	2.2948503
6.94864865	2.29506963
6.95675676	2.29508033
6.96486486	2.29488418
6.97297297	2.29448302
6.98108108	2.29387876
6.98918919	2.2930734
6.9972973	2.292069
7.00540541	2.29086769
7.01351351	2.28947169
7.02162162	2.28788327
7.02972973	2.28610475
7.03783784	2.28413856
7.04594595	2.28198716
7.05405405	2.27965307
7.06216216	2.2771389
7.07027027	2.27444729
7.07837838	2.27158096
7.08648649	2.26854267
7.09459459	2.26533524
7.1027027	2.26196155
7.11081081	2.25842453
7.11891892	2.25472715
7.12702703	2.25087244
7.13513514	2.24686347
7.14324324	2.24270337
7.15135135	2.23839529
7.15945946	2.23394245
7.16756757	2.22934808
7.17567568	2.22461548
7.18378378	2.21974796
7.19189189	2.21474889
7.2	2.20962166
7.20810811	2.20436969
7.21621622	2.19899644
7.22432432	2.19350539
7.23243243	2.18790007
7.24054054	2.18218401
7.24864865	2.17636077
7.25675676	2.17043394
7.26486486	2.16440714
7.27297297	2.15828399
7.28108108	2.15206814
7.28918919	2.14576325
7.2972973	2.139373
7.30540541	2.1329011
7.31351351	2.12635123
7.32162162	2.11972712
7.32972973	2.1130325
7.33783784	2.1062711
7.34594595	2.09944665
7.35405405	2.09256291
7.36216216	2.08562363
7.37027027	2.07863255
7.37837838	2.07159343
7.38648649	2.06451002
7.39459459	2.05738608
7.4027027	2.05022534
7.41081081	2.04303156
7.41891892	2.03580848
7.42702703	2.02855982
7.43513514	2.02128931
7.44324324	2.01400067
7.45135135	2.00669761
7.45945946	1.99938381
7.46756757	1.99206298
7.47567568	1.98473877
7.48378378	1.97741484
7.49189189	1.97009484
7.5	1.96278239
7.50810811	1.95548111
7.51621622	1.94819458
7.52432432	1.94092639
7.53243243	1.93368009
7.54054054	1.92645921
7.54864865	1.91926727
7.55675676	1.91210776
7.56486486	1.90498416
7.57297297	1.89789992
7.58108108	1.89085846
7.58918919	1.8838632
7.5972973	1.87691749
7.60540541	1.87002472
7.61351351	1.86318819
7.62162162	1.85641122
7.62972973	1.84969709
7.63783784	1.84304904
7.64594595	1.83647031
7.65405405	1.82996408
7.66216216	1.82353354
7.67027027	1.81718182
7.67837838	1.81091204
7.68648649	1.80472729
7.69459459	1.79863063
7.7027027	1.79262509
7.71081081	1.78671367
7.71891892	1.78089935
7.72702703	1.77518507
7.73513514	1.76957375
7.74324324	1.76406828
7.75135135	1.75867152
7.75945946	1.7533863
7.76756757	1.74821542
7.77567568	1.74316165
7.78378378	1.73822775
7.79189189	1.73341643
7.8	1.72873038
7.80810811	1.72417226
7.81621622	1.71974471
7.82432432	1.71545032
7.83243243	1.71129168
7.84054054	1.70727134
7.84864865	1.70339182
7.85675676	1.69965562
7.86486486	1.69606521
7.87297297	1.69262302
7.88108108	1.68933149
7.88918919	1.686193
7.8972973	1.68320991
7.90540541	1.68038456
7.91351351	1.67771928
7.92162162	1.67521635
7.92972973	1.67287803
7.93783784	1.67070658
7.94594595	1.6687042
7.95405405	1.66687308
7.96216216	1.66521541
7.97027027	1.66373333
7.97837838	1.66242896
7.98648649	1.6613044
7.99459459	1.66036174
8.0027027	1.65960303
8.01081081	1.65903031
8.01891892	1.6586456
8.02702703	1.65845088
8.03513514	1.65844813
8.04324324	1.65863931
8.05135135	1.65902634
8.05945946	1.65961113
8.06756757	1.66039559
8.07567568	1.66138157
8.08378378	1.66257094
8.09189189	1.66396551
8.1	1.66556712
8.10810811	1.66737754
8.11621622	1.66939855
8.12432432	1.67163192
8.13243243	1.67407937
8.14054054	1.67674263
8.14864865	1.67962338
8.15675676	1.68272332
8.16486486	1.6860441
8.17297297	1.68958736
8.18108108	1.69335473
8.18918919	1.6973478
8.1972973	1.70156817
8.20540541	1.7060174
8.21351351	1.71069703
8.22162162	1.7156086
8.22972973	1.72075359
8.23783784	1.72613352
8.24594595	1.73174982
8.25405405	1.73760397
8.26216216	1.74369737
8.27027027	1.75003143
8.27837838	1.75660754
8.28648649	1.76342704
8.29459459	1.77049129
8.3027027	1.7778016
8.31081081	1.78535925
8.31891892	1.79316552
8.32702703	1.80122165
8.33513514	1.80952886
8.34324324	1.81808835
8.35135135	1.82690128
8.35945946	1.83596879
8.36756757	1.84529201
8.37567568	1.85487202
8.38378378	1.86470987
8.39189189	1.87480661
8.4	1.88516323
8.40810811	1.89578071
8.41621622	1.90665998
8.42432432	1.91780195
8.43243243	1.92920749
8.44054054	1.94087745
8.44864865	1.95281264
8.45675676	1.96501383
8.46486486	1.97748175
8.47297297	1.9902171
8.48108108	2.00322055
8.48918919	2.01649272
8.4972973	2.03003418
8.50540541	2.04384549
8.51351351	2.05792714
8.52162162	2.07227959
8.52972973	2.08690326
8.53783784	2.10179851
8.54594595	2.11696567
8.55405405	2.13240501
8.56216216	2.14811677
8.57027027	2.16410112
8.57837838	2.1803582
8.58648649	2.19688809
8.59459459	2.21369082
8.6027027	2.23076635
8.61081081	2.24811462
8.61891892	2.26573549
8.62702703	2.28362877
8.63513514	2.30179421
8.64324324	2.32023151
8.65135135	2.33894031
8.65945946	2.35792017
8.66756757	2.37717062
8.67567568	2.39669111
8.68378378	2.41648102
8.69189189	2.43653969
8.7	2.45686636
8.70810811	2.47746024
8.71621622	2.49832044
8.72432432	2.51944603
8.73243243	2.54083599
8.74054054	2.56248925
8.74864865	2.58440464
8.75675676	2.60658095
8.76486486	2.62901688
8.77297297	2.65171105
8.78108108	2.67466202
8.78918919	2.69786827
8.7972973	2.72132821
8.80540541	2.74504016
8.81351351	2.76900237
8.82162162	2.79321301
8.82972973	2.81767018
8.83783784	2.84237188
8.84594595	2.86731606
8.85405405	2.89250056
8.86216216	2.91792316
8.87027027	2.94358155
8.87837838	2.96947334
8.88648649	2.99559605
8.89459459	3.02194713
8.9027027	3.04852394
8.91081081	3.07532376
8.91891892	3.10234378
8.92702703	3.12958111
8.93513514	3.15703278
8.94324324	3.18469573
8.95135135	3.21256682
8.95945946	3.24064282
8.96756757	3.26892042
8.97567568	3.29739624
8.98378378	3.32606678
8.99189189	3.35492849
9	3.38397773
9.00810811	3.41321076
9.01621622	3.44262377
9.02432432	3.47221287
9.03243243	3.50197408
9.04054054	3.53190334
9.04864865	3.56199652
9.05675676	3.59224937
9.06486486	3.62265762
9.07297297	3.65321687
9.08108108	3.68392267
9.08918919	3.71477047
9.0972973	3.74575566
9.10540541	3.77687355
9.11351351	3.80811937
9.12162162	3.83948827
9.12972973	3.87097534
9.13783784	3.90257559
9.14594595	3.93428395
9.15405405	3.96609531
9.16216216	3.99800444
9.17027027	4.0300061
9.17837838	4.06209493
9.18648649	4.09426554
9.19459459	4.12651247
9.2027027	4.15883018
9.21081081	4.19121309
9.21891892	4.22365555
9.22702703	4.25615185
9.23513514	4.28869624
9.24324324	4.32128289
9.25135135	4.35390593
9.25945946	4.38655945
9.26756757	4.41923747
9.27567568	4.45193398
9.28378378	4.48464291
9.29189189	4.51735816
9.3	4.55007357
9.30810811	4.58278297
9.31621622	4.61548011
9.32432432	4.64815875
9.33243243	4.68081258
9.34054054	4.71343528
9.34864865	4.74602049
9.35675676	4.77856183
9.36486486	4.8110529
9.37297297	4.84348725
9.38108108	4.87585846
9.38918919	4.90816003
9.3972973	4.9403855
9.40540541	4.97252836
9.41351351	5.00458211
9.42162162	5.03654023
9.42972973	5.0683962
9.43783784	5.1001435
9.44594595	5.13177559
9.45405405	5.16328596
9.46216216	5.19466808
9.47027027	5.22591544
9.47837838	5.25702154
9.48648649	5.28797988
9.49459459	5.31878397
9.5027027	5.34942737
9.51081081	5.37990361
9.51891892	5.41020629
9.52702703	5.44032901
9.53513514	5.47026538
9.54324324	5.50000908
9.55135135	5.52955379
9.55945946	5.55889323
9.56756757	5.58802117
9.57567568	5.6169314
9.58378378	5.64561778
9.59189189	5.67407418
9.6	5.70229454
9.60810811	5.73027285
9.61621622	5.75800313
9.62432432	5.78547949
9.63243243	5.81269606
9.64054054	5.83964705
9.64864865	5.86632673
9.65675676	5.89272943
9.66486486	5.91884954
9.67297297	5.94468154
9.68108108	5.97021996
9.68918919	5.9954594
9.6972973	6.02039456
9.70540541	6.04502019
9.71351351	6.06933114
9.72162162	6.09332233
9.72972973	6.11698876
9.73783784	6.14032553
9.74594595	6.16332782
9.75405405	6.1859909
9.76216216	6.20831013
9.77027027	6.23028097
9.77837838	6.25189897
9.78648649	6.27315977
9.79459459	6.29405912
9.8027027	6.31459287
9.81081081	6.33475697
9.81891892	6.35454747
9.82702703	6.37396052
9.83513514	6.39299241
9.84324324	6.41163948
9.85135135	6.42989824
9.85945946	6.44776528
9.86756757	6.46523729
9.87567568	6.4823111
9.88378378	6.49898365
9.89189189	6.51525197
9.9	6.53111325
9.90810811	6.54656476
9.91621622	6.5616039
9.92432432	6.57622821
9.93243243	6.59043531
9.94054054	6.60422297
9.94864865	6.61758909
9.95675676	6.63053166
9.96486486	6.64304882
9.97297297	6.65513881
9.98108108	6.66680003
9.98918919	6.67803096
9.9972973	6.68883024
10.0054054	6.69919662
10.0135135	6.70912897
10.0216216	6.71862629
10.0297297	6.72768772
10.0378378	6.7363125
10.0459459	6.7445
10.0540541	6.75224974
10.0621622	6.75956134
10.0702703	6.76643455
10.0783784	6.77286923
10.0864865	6.77886541
10.0945946	6.78442319
10.1027027	6.78954281
10.1108108	6.79422466
10.1189189	6.79846922
10.127027	6.8022771
10.1351351	6.80564903
10.1432432	6.80858586
10.1513514	6.81108856
10.1594595	6.81315822
10.1675676	6.81479604
10.1756757	6.81600335
10.1837838	6.81678158
10.1918919	6.81713227
10.2	6.81705709
10.2081081	6.81655781
10.2162162	6.81563632
10.2243243	6.8142946
10.2324324	6.81253476
10.2405405	6.81035899
10.2486486	6.80776962
10.2567568	6.80476904
10.2648649	6.80135977
10.272973	6.79754443
10.2810811	6.79332573
10.2891892	6.78870647
10.2972973	6.78368957
10.3054054	6.778278
10.3135135	6.77247486
10.3216216	6.76628333
10.3297297	6.75970667
10.3378378	6.75274822
10.3459459	6.74541143
10.3540541	6.7376998
10.3621622	6.72961692
10.3702703	6.72116648
10.3783784	6.71235221
10.3864865	6.70317794
10.3945946	6.69364755
10.4027027	6.68376501
10.4108108	6.67353435
10.4189189	6.66295965
10.427027	6.65204508
10.4351351	6.64079484
10.4432432	6.62921322
10.4513514	6.61730454
10.4594595	6.60507319
10.4675676	6.5925236
10.4756757	6.57966026
10.4837838	6.56648769
10.4918919	6.55301048
10.5	6.53923323
10.5081081	6.52516062
10.5162162	6.51079732
10.5243243	6.49614809
10.5324324	6.48121767
10.5405405	6.46601087
10.5486486	6.45053251
10.5567568	6.43478744
10.5648649	6.41878053
10.572973	6.40251667
10.5810811	6.38600078
10.5891892	6.3692378
10.5972973	6.35223266
10.6054054	6.33499032
10.6135135	6.31751577
10.6216216	6.29981396
10.6297297	6.28188988
10.6378378	6.26374852
10.6459459	6.24539487
10.6540541	6.22683391
10.6621622	6.20807062
10.6702703	6.18910999
10.6783784	6.16995699
10.6864865	6.15061656
10.6945946	6.13109368
10.7027027	6.11139327
10.7108108	6.09152026
10.7189189	6.07147955
10.727027	6.05127603
10.7351351	6.03091455
10.7432432	6.01039997
10.7513514	5.9897371
10.7594595	5.96893073
10.7675676	5.94798561
10.7756757	5.92690649
10.7837838	5.90569805
10.7918919	5.88436497
10.8	5.86291187
10.8081081	5.84134335
10.8162162	5.81966396
10.8243243	5.79787821
10.8324324	5.77599058
10.8405405	5.75400549
10.8486486	5.73192733
10.8567568	5.70976044
10.8648649	5.68750911
10.872973	5.66517759
10.8810811	5.64277006
10.8891892	5.62029066
10.8972973	5.5977435
10.9054054	5.57513259
10.9135135	5.55246193
10.9216216	5.52973544
10.9297297	5.50695698
10.9378378	5.48413038
10.9459459	5.46125938
10.9540541	5.43834767
10.9621622	5.4153989
10.9702703	5.39241662
10.9783784	5.36940435
10.9864865	5.34636554
10.9945946	5.32330358
11.0027027	5.30022177
11.0108108	5.27712338
11.0189189	5.2540116
11.027027	5.23088955
11.0351351	5.20776028
11.0432432	5.1846268
11.0513514	5.16149203
11.0594595	5.13835882
11.0675676	5.11522996
11.0756757	5.09210817
11.0837838	5.06899612
11.0918919	5.04589638
11.1	5.02281147
11.1081081	4.99974385
11.1162162	4.97669588
11.1243243	4.95366989
11.1324324	4.93066811
11.1405405	4.90769272
11.1486486	4.88474583
11.1567568	4.86182947
11.1648649	4.8389456
11.172973	4.81609615
11.1810811	4.79328293
11.1891892	4.77050771
11.1972973	4.74777219
11.2054054	4.725078
11.2135135	4.70242671
11.2216216	4.67981981
11.2297297	4.65725874
11.2378378	4.63474487
11.2459459	4.6122795
11.2540541	4.58986387
11.2621622	4.56749916
11.2702703	4.54518646
11.2783784	4.52292685
11.2864865	4.50072129
11.2945946	4.47857073
11.3027027	4.45647602
11.3108108	4.43443797
11.3189189	4.41245732
11.327027	4.39053477
11.3351351	4.36867095
11.3432432	4.34686642
11.3513514	4.32512171
11.3594595	4.30343728
11.3675676	4.28181353
11.3756757	4.26025083
11.3837838	4.23874947
11.3918919	4.2173097
11.4	4.19593172
11.4081081	4.17461568
11.4162162	4.15336169
11.4243243	4.13216978
11.4324324	4.11103998
11.4405405	4.08997225
11.4486486	4.06896648
11.4567568	4.04802256
11.4648649	4.02714032
11.472973	4.00631953
11.4810811	3.98555996
11.4891892	3.96486129
11.4972973	3.9442232
11.5054054	3.92364532
11.5135135	3.90312724
11.5216216	3.88266852
11.5297297	3.86226868
11.5378378	3.84192721
11.5459459	3.82164357
11.5540541	3.80141718
11.5621622	3.78124744
11.5702703	3.76113372
11.5783784	3.74107536
11.5864865	3.72107167
11.5945946	3.70112194
11.6027027	3.68122543
11.6108108	3.66138138
11.6189189	3.64158901
11.627027	3.62184752
11.6351351	3.60215607
11.6432432	3.58251384
11.6513514	3.56291995
11.6594595	3.54337353
11.6675676	3.52387369
11.6756757	3.50441952
11.6837838	3.48501009
11.6918919	3.46564448
11.7	3.44632174
11.7081081	3.42704091
11.7162162	3.40780102
11.7243243	3.38860112
11.7324324	3.3694402
11.7405405	3.3503173
11.7486486	3.33123141
11.7567568	3.31218154
11.7648649	3.29316669
11.772973	3.27418586
11.7810811	3.25523804
11.7891892	3.23632224
11.7972973	3.21743745
11.8054054	3.19858267
11.8135135	3.17975691
11.8216216	3.16095916
11.8297297	3.14218844
11.8378378	3.12344376
11.8459459	3.10472415
11.8540541	3.08602863
11.8621622	3.06735624
11.8702703	3.04870603
11.8783784	3.03007706
11.8864865	3.01146837
11.8945946	2.99287907
11.9027027	2.97430823
11.9108108	2.95575495
11.9189189	2.93721836
11.927027	2.91869758
11.9351351	2.90019177
11.9432432	2.88170007
11.9513514	2.86322167
11.9594595	2.84475578
11.9675676	2.82630159
11.9756757	2.80785835
11.9837838	2.7894253
11.9918919	2.77100173
12	2.75258692
12.0081081	2.73418019
12.0162162	2.71578088
12.0243243	2.69738835
12.0324324	2.67900198
12.0405405	2.66062118
12.0486486	2.64224538
12.0567568	2.62387405
12.0648649	2.60550665
12.072973	2.58714271
12.0810811	2.56878176
12.0891892	2.55042335
12.0972973	2.53206708
12.1054054	2.51371258
12.1135135	2.49535948
12.1216216	2.47700746
12.1297297	2.45865623
12.1378378	2.44030552
12.1459459	2.4219551
12.1540541	2.40360476
12.1621622	2.38525434
12.1702703	2.36690369
12.1783784	2.34855269
12.1864865	2.33020129
12.1945946	2.31184941
12.2027027	2.29349707
12.2108108	2.27514427
12.2189189	2.25679107
12.227027	2.23843756
12.2351351	2.22008386
12.2432432	2.20173013
12.2513514	2.18337654
12.2594595	2.16502334
12.2675676	2.14667077
12.2756757	2.12831913
12.2837838	2.10996875
12.2918919	2.09161999
12.3	2.07327326
12.3081081	2.05492898
12.3162162	2.03658763
12.3243243	2.01824971
12.3324324	1.99991577
12.3405405	1.98158638
12.3486486	1.96326216
12.3567568	1.94494375
12.3648649	1.92663185
12.372973	1.90832717
12.3810811	1.89003048
12.3891892	1.87174257
12.3972973	1.85346426
12.4054054	1.83519643
12.4135135	1.81693998
12.4216216	1.79869584
12.4297297	1.78046499
12.4378378	1.76224845
12.4459459	1.74404725
12.4540541	1.72586248
12.4621622	1.70769526
12.4702703	1.68954673
12.4783784	1.6714181
12.4864865	1.65331058
12.4945946	1.63522542
12.5027027	1.61716393
12.5108108	1.59912743
12.5189189	1.58111728
12.527027	1.56313487
12.5351351	1.54518165
12.5432432	1.52725906
12.5513514	1.50936861
12.5594595	1.49151184
12.5675676	1.47369029
12.5756757	1.45590557
12.5837838	1.4381593
12.5918919	1.42045314
12.6	1.40278879
12.6081081	1.38516797
12.6162162	1.36759243
12.6243243	1.35006394
12.6324324	1.33258434
12.6405405	1.31515545
12.6486486	1.29777915
12.6567568	1.28045735
12.6648649	1.26319196
12.672973	1.24598496
12.6810811	1.22883831
12.6891892	1.21175404
12.6972973	1.19473418
12.7054054	1.17778079
12.7135135	1.16089597
12.7216216	1.14408182
12.7297297	1.12734048
12.7378378	1.11067412
12.7459459	1.09408492
12.7540541	1.07757508
12.7621622	1.06114684
12.7702703	1.04480244
12.7783784	1.02854416
12.7864865	1.01237429
12.7945946	0.996295128
12.8027027	0.980309015
12.8108108	0.964418294
12.8189189	0.94862533
12.827027	0.932932503
12.8351351	0.91734221
12.8432432	0.901856864
12.8513514	0.88647889
12.8594595	0.87121073
12.8675676	0.856054837
12.8756757	0.841013677
12.8837838	0.826089727
12.8918919	0.811285475
12.9	0.79660342
12.9081081	0.782046068
12.9162162	0.767615936
12.9243243	0.753315546
12.9324324	0.739147429
12.9405405	0.725114121
12.9486486	0.711218163
12.9567568	0.697462101
12.9648649	0.683848482
12.972973	0.67037986
12.9810811	0.657058787
12.9891892	0.643887817
12.9972973	0.630869505
13.0054054	0.618006404
13.0135135	0.605301065
13.0216216	0.592756038
13.0297297	0.580373869
13.0378378	0.568157098
13.0459459	0.556108261
13.0540541	0.544229889
13.0621622	0.532524504
13.0702703	0.520994622
13.0783784	0.509642747
13.0864865	0.498471377
13.0945946	0.487482998
13.1027027	0.476680084
13.1108108	0.466065096
13.1189189	0.455640484
13.127027	0.445408682
13.1351351	0.435372108
13.1432432	0.425533168
13.1513514	0.415894246
13.1594595	0.406457712
13.1675676	0.397225916
13.1756757	0.38820119
13.1837838	0.379385842
13.1918919	0.370782162
13.2	0.362392419
13.2081081	0.354218854
13.2162162	0.34626369
13.2243243	0.338529121
13.2324324	0.331017318
13.2405405	0.323730424
13.2486486	0.316670558
13.2567568	0.309839808
13.2648649	0.303240233
13.272973	0.296873866
13.2810811	0.290742707
13.2891892	0.284848724
13.2972973	0.279193857
13.3054054	0.27378001
13.3135135	0.268609055
13.3216216	0.263682831
13.3297297	0.259003141
13.3378378	0.254571752
13.3459459	0.250390398
13.3540541	0.246460773
13.3621622	0.242784536
13.3702703	0.239363306
13.3783784	0.236198665
13.3864865	0.233292155
13.3945946	0.230645279
13.4027027	0.228259498
13.4108108	0.226136235
13.4189189	0.224276869
13.427027	0.222682738
13.4351351	0.221355137
13.4432432	0.22029532
13.4513514	0.219504495
13.4594595	0.218983829
13.4675676	0.218734441
13.4756757	0.21875741
13.4837838	0.219053767
13.4918919	0.219624497
13.5	0.220470543
13.5081081	0.221592798
13.5162162	0.222992111
13.5243243	0.224669284
13.5324324	0.226625072
13.5405405	0.228860183
13.5486486	0.231375278
13.5567568	0.234170969
13.5648649	0.237247823
13.572973	0.240606357
13.5810811	0.244247041
13.5891892	0.248170298
13.5972973	0.252376502
13.6054054	0.256865978
13.6135135	0.261639004
13.6216216	0.266695809
13.6297297	0.272036576
13.6378378	0.277661437
13.6459459	0.283570478
13.6540541	0.289763735
13.6621622	0.296241199
13.6702703	0.30300281
13.6783784	0.310048463
13.6864865	0.317378004
13.6945946	0.324991233
13.7027027	0.332887902
13.7108108	0.341067716
13.7189189	0.349530333
13.727027	0.358275366
13.7351351	0.367302383
13.7432432	0.376610902
13.7513514	0.386200399
13.7594595	0.396070306
13.7675676	0.406220006
13.7756757	0.416648841
13.7837838	0.427356109
13.7918919	0.438341063
13.8	0.449602914
13.8081081	0.46114083
13.8162162	0.472953937
13.8243243	0.485041319
13.8324324	0.49740202
13.8405405	0.510035041
13.8486486	0.522939347
13.8567568	0.536113858
13.8648649	0.54955746
13.872973	0.563268998
13.8810811	0.57724728
13.8891892	0.591491075
13.8972973	0.605999118
13.9054054	0.620770107
13.9135135	0.635802704
13.9216216	0.651095536
13.9297297	0.666647198
13.9378378	0.682456249
13.9459459	0.698521216
13.9540541	0.714840596
13.9621622	0.731412851
13.9702703	0.748236415
13.9783784	0.76530969
13.9864865	0.782631051
13.9945946	0.800198842
14.0027027	0.818011379
14.0108108	0.836066954
14.0189189	0.854363827
14.027027	0.872900238
14.0351351	0.891674397
14.0432432	0.910684491
14.0513514	0.929928686
14.0594595	0.94940512
14.0675676	0.969111913
14.0756757	0.98904716
14.0837838	1.00920894
14.0918919	1.0295953
14.1	1.05020428
14.1081081	1.0710339
14.1162162	1.09208215
14.1243243	1.11334702
14.1324324	1.13482647
14.1405405	1.15651844
14.1486486	1.17842087
14.1567568	1.20053167
14.1648649	1.22284874
14.172973	1.24536997
14.1810811	1.26809324
14.1891892	1.2910164
14.1972973	1.31413731
14.2054054	1.3374538
14.2135135	1.3609637
14.2216216	1.38466482
14.2297297	1.40855497
14.2378378	1.43263194
14.2459459	1.45689353
14.2540541	1.4813375
14.2621622	1.50596162
14.2702703	1.53076366
14.2783784	1.55574138
14.2864865	1.58089251
14.2945946	1.60621479
14.3027027	1.63170596
14.3108108	1.65736375
14.3189189	1.68318587
14.327027	1.70917004
14.3351351	1.73531397
14.3432432	1.76161536
14.3513514	1.78807192
14.3594595	1.81468133
14.3675676	1.84144129
14.3756757	1.86834948
14.3837838	1.89540358
14.3918919	1.92260127
14.4	1.94994022
14.4081081	1.97741809
14.4162162	2.00503256
14.4243243	2.03278127
14.4324324	2.06066189
14.4405405	2.08867206
14.4486486	2.11680944
14.4567568	2.14507165
14.4648649	2.17345635
14.472973	2.20196115
14.4810811	2.2305837
14.4891892	2.2593216
14.4972973	2.28817248
14.5054054	2.31713395
14.5135135	2.34620361
14.5216216	2.37537906
14.5297297	2.40465789
14.5378378	2.43403769
14.5459459	2.46351604
14.5540541	2.49309051
14.5621622	2.52275866
14.5702703	2.55251805
14.5783784	2.58236621
14.5864865	2.6123007
14.5945946	2.64231903
14.6027027	2.67241872
14.6108108	2.70259729
14.6189189	2.73285221
14.627027	2.76318099
14.6351351	2.79358108
14.6432432	2.82404995
14.6513514	2.85458505
14.6594595	2.88518379
14.6675676	2.91584361
14.6756757	2.94656191
14.6837838	2.97733606
14.6918919	3.00816343
14.7	3.03904139
14.7081081	3.06996726
14.7162162	3.10093837
14.7243243	3.131952
14.7324324	3.16300544
14.7405405	3.19409594
14.7486486	3.22522074
14.7567568	3.25637705
14.7648649	3.28756208
14.772973	3.31877297
14.7810811	3.35000689
14.7891892	3.38126095
14.7972973	3.41253225
14.8054054	3.44381785
14.8135135	3.47511481
14.8216216	3.50642014
14.8297297	3.53773082
14.8378378	3.56904382
14.8459459	3.60035606
14.8540541	3.63166446
14.8621622	3.66296588
14.8702703	3.69425716
14.8783784	3.72553511
14.8864865	3.7567965
14.8945946	3.78803809
14.9027027	3.81925658
14.9108108	3.85044864
14.9189189	3.88161093
14.927027	3.91274005
14.9351351	3.94383256
14.9432432	3.97488502
14.9513514	4.00589391
14.9594595	4.03685571
14.9675676	4.06776684
14.9756757	4.09862368
14.9837838	4.1294226
14.9918919	4.16015991
15	4.19083188
15.0081081	4.22143475
15.0162162	4.25196472
15.0243243	4.28241795
15.0324324	4.31279056
15.0405405	4.34307862
15.0486486	4.3732782
15.0567568	4.40338528
15.0648649	4.43339583
15.072973	4.46330578
15.0810811	4.49311101
15.0891892	4.52280737
15.0972973	4.55239066
15.1054054	4.58185666
15.1135135	4.61120108
15.1216216	4.64041964
15.1297297	4.66950796
15.1378378	4.69846169
15.1459459	4.72727638
15.1540541	4.75594759
15.1621622	4.78447081
15.1702703	4.81284152
15.1783784	4.84105515
15.1864865	4.86910709
15.1945946	4.89699272
15.2027027	4.92470736
15.2108108	4.95224631
15.2189189	4.97960484
15.227027	5.00677819
15.2351351	5.03376154
15.2432432	5.0605501
15.2513514	5.08713899
15.2594595	5.11352334
15.2675676	5.13969825
15.2756757	5.16565877
15.2837838	5.19139997
15.2918919	5.21691684
15.3	5.24220441
15.3081081	5.26725764
15.3162162	5.2920715
15.3243243	5.31664092
15.3324324	5.34096084
15.3405405	5.36502617
15.3486486	5.3888318
15.3567568	5.41237263
15.3648649	5.43564352
15.372973	5.45863936
15.3810811	5.48135499
15.3891892	5.50378528
15.3972973	5.52592507
15.4054054	5.54776923
15.4135135	5.56931261
15.4216216	5.59055005
15.4297297	5.61147642
15.4378378	5.63208658
15.4459459	5.65237541
15.4540541	5.67233778
15.4621622	5.6919686
15.4702703	5.71126278
15.4783784	5.73021523
15.4864865	5.74882091
15.4945946	5.76707478
15.5027027	5.78497183
15.5108108	5.80250706
15.5189189	5.81967554
15.527027	5.83647231
15.5351351	5.8528925
15.5432432	5.86893122
15.5513514	5.88458366
15.5594595	5.89984504
15.5675676	5.9147106
15.5756757	5.92917564
15.5837838	5.94323551
15.5918919	5.9568856
15.6	5.97012135
15.6081081	5.98293826
15.6162162	5.99533189
15.6243243	6.00729785
15.6324324	6.01883181
15.6405405	6.0299295
15.6486486	6.04058673
15.6567568	6.05079937
15.6648649	6.06056336
15.672973	6.06987472
15.6810811	6.07872953
15.6891892	6.08712396
15.6972973	6.09505426
15.7054054	6.10251676
15.7135135	6.10950788
15.7216216	6.11602412
15.7297297	6.12206207
15.7378378	6.12761843
15.7459459	6.13268997
15.7540541	6.13727357
15.7621622	6.14136621
15.7702703	6.14496497
15.7783784	6.14806703
15.7864865	6.15066968
15.7945946	6.15277032
15.8027027	6.15436645
15.8108108	6.15545569
15.8189189	6.15603579
15.827027	6.15610457
15.8351351	6.15566003
15.8432432	6.15470024
15.8513514	6.15322342
15.8594595	6.1512279
15.8675676	6.14871214
15.8756757	6.14567474
15.8837838	6.1421144
15.8918919	6.13802999
15.9	6.13342048
15.9081081	6.12828498
15.9162162	6.12262275
15.9243243	6.11643318
15.9324324	6.1097158
15.9405405	6.10247026
15.9486486	6.09469638
15.9567568	6.0863941
15.9648649	6.07756353
15.972973	6.06820488
15.9810811	6.05831856
15.9891892	6.04790508
15.9972973	6.03696512
16.0054054	6.0254995
16.0135135	6.01350919
16.0216216	6.00099532
16.0297297	5.98795914
16.0378378	5.97440209
16.0459459	5.96032573
16.0540541	5.94573177
16.0621622	5.9306221
16.0702703	5.91499873
16.0783784	5.89886384
16.0864865	5.88221975
16.0945946	5.86506894
16.1027027	5.84741404
16.1108108	5.82925781
16.1189189	5.81060319
16.127027	5.79145326
16.1351351	5.77181125
16.1432432	5.75168053
16.1513514	5.73106462
16.1594595	5.70996719
16.1675676	5.68839207
16.1756757	5.66634323
16.1837838	5.64382476
16.1918919	5.62084092
16.2	5.59739611
16.2081081	5.57349487
