# delay_us	theta_over_pi_weighted_mean	rel_deviation_percent
-1	1.62597361	-68.9885674
-0.995	1.64175705	-68.6875372
-0.99	1.65760358	-68.3853037
-0.985	1.67351267	-68.0818771
-0.98	1.68948379	-67.7772675
-0.975	1.70551638	-67.4714853
-0.97	1.72160992	-67.1645408
-0.965	1.73776387	-66.8564441
-0.96	1.75397768	-66.5472057
-0.955	1.77025082	-66.2368357
-0.95	1.78658274	-65.9253447
-0.945	1.8029729	-65.6127428
-0.94	1.81942076	-65.2990405
-0.935	1.83592577	-64.9842482
-0.93	1.85248739	-64.6683761
-0.925	1.86910508	-64.3514348
-0.92	1.88577828	-64.0334346
-0.915	1.90250646	-63.7143859
-0.91	1.91928906	-63.3942993
-0.905	1.93612554	-63.073185
-0.9	1.95301534	-62.7510537
-0.895	1.96995793	-62.4279157
-0.89	1.98695275	-62.1037815
-0.885	2.00399924	-61.7786617
-0.88	2.02109686	-61.4525667
-0.875	2.03824506	-61.1255072
-0.87	2.05544329	-60.7974935
-0.865	2.07269098	-60.4685363
-0.86	2.0899876	-60.1386461
-0.855	2.10733257	-59.8078334
-0.85	2.12472536	-59.476109
-0.845	2.1421654	-59.1434833
-0.84	2.15965213	-58.8099671
-0.835	2.177185	-58.4755708
-0.83	2.19476346	-58.1403052
-0.825	2.21238693	-57.8041809
-0.82	2.23005487	-57.4672086
-0.815	2.24776671	-57.1293989
-0.81	2.26552189	-56.7907627
-0.805	2.28331986	-56.4513105
-0.8	2.30116003	-56.1110531
-0.795	2.31904187	-55.7700014
-0.79	2.33696478	-55.4281659
-0.785	2.35492823	-55.0855576
-0.78	2.37293163	-54.7421872
-0.775	2.39097441	-54.3980656
-0.77	2.40905602	-54.0532036
-0.765	2.42717588	-53.707612
-0.76	2.44533342	-53.3613018
-0.755	2.46352806	-53.0142838
-0.75	2.48175925	-52.666569
-0.745	2.50002639	-52.3181684
-0.74	2.51832892	-51.9690928
-0.735	2.53666626	-51.6193533
-0.73	2.55503783	-51.268961
-0.725	2.57344305	-50.9179268
-0.72	2.59188135	-50.5662618
-0.715	2.61035213	-50.2139772
-0.71	2.62885482	-49.8610841
-0.705	2.64738883	-49.5075935
-0.7	2.66595358	-49.1535168
-0.695	2.68454847	-48.7988651
-0.69	2.70317292	-48.4436497
-0.685	2.72182634	-48.0878818
-0.68	2.74050813	-47.7315728
-0.675	2.75921769	-47.3747341
-0.67	2.77795444	-47.0173769
-0.665	2.79671777	-46.6595127
-0.66	2.81550708	-46.301153
-0.655	2.83432177	-45.9423093
-0.65	2.85316123	-45.582993
-0.645	2.87202486	-45.2232159
-0.64	2.89091205	-44.8629894
-0.635	2.90982218	-44.5023252
-0.63	2.92875465	-44.1412351
-0.625	2.94770884	-43.7797307
-0.62	2.96668413	-43.4178239
-0.615	2.9856799	-43.0555265
-0.61	3.00469553	-42.6928504
-0.605	3.02373039	-42.3298075
-0.6	3.04278385	-41.9664097
-0.595	3.06185528	-41.6026692
-0.59	3.08094406	-41.2385979
-0.585	3.10004954	-40.8742081
-0.58	3.11917108	-40.5095118
-0.575	3.13830805	-40.1445214
-0.57	3.15745979	-39.7792492
-0.565	3.17662567	-39.4137074
-0.56	3.19580502	-39.0479086
-0.555	3.2149972	-38.6818651
-0.55	3.23420155	-38.3155896
-0.545	3.25341741	-37.9490945
-0.54	3.27264411	-37.5823927
-0.535	3.29188099	-37.2154967
-0.53	3.31112737	-36.8484194
-0.525	3.33038259	-36.4811737
-0.52	3.34964596	-36.1137724
-0.515	3.36891681	-35.7462286
-0.51	3.38819444	-35.3785553
-0.505	3.40747818	-35.0107657
-0.5	3.42676732	-34.6428729
-0.495	3.44606118	-34.2748902
-0.49	3.46535904	-33.906831
-0.485	3.48466022	-33.5387088
-0.48	3.50396399	-33.1705369
-0.475	3.52326966	-32.8023291
-0.47	3.54257649	-32.4340989
-0.465	3.56188378	-32.0658601
-0.46	3.58119079	-31.6976265
-0.455	3.60049679	-31.3294121
-0.45	3.61980106	-30.9612308
-0.445	3.63910286	-30.5930967
-0.44	3.65840144	-30.2250239
-0.435	3.67769606	-29.8570267
-0.43	3.69698596	-29.4891195
-0.425	3.71627039	-29.1213166
-0.42	3.73554859	-28.7536325
-0.415	3.75481979	-28.3860819
-0.41	3.77408322	-28.0186794
-0.405	3.79333812	-27.6514399
-0.4	3.81258369	-27.2843782
-0.395	3.83181915	-26.9175092
-0.39	3.85104372	-26.5508481
-0.385	3.87025659	-26.1844099
-0.38	3.88945697	-25.81821
-0.375	3.90864406	-25.4522637
-0.37	3.92781704	-25.0865865
-0.365	3.94697509	-24.7211939
-0.36	3.96611741	-24.3561015
-0.355	3.98524315	-23.9913251
-0.35	4.0043515	-23.6268805
-0.345	4.02344161	-23.2627838
-0.34	4.04251265	-22.8990509
-0.335	4.06156376	-22.535698
-0.33	4.08059409	-22.1727413
-0.325	4.09960279	-21.8101974
-0.32	4.11858899	-21.4480825
-0.315	4.13755182	-21.0864132
-0.31	4.15649041	-20.7252064
-0.305	4.17540388	-20.3644786
-0.3	4.19429135	-20.0042469
-0.295	4.21315191	-19.6445282
-0.29	4.23198468	-19.2853396
-0.285	4.25078875	-18.9266983
-0.28	4.26956322	-18.5686217
-0.275	4.28830717	-18.2111272
-0.27	4.30701968	-17.8542322
-0.265	4.32569983	-17.4979545
-0.26	4.34434668	-17.1423118
-0.255	4.3629593	-16.787322
-0.25	4.38153676	-16.4330029
-0.245	4.40007809	-16.0793728
-0.24	4.41858235	-15.7264497
-0.235	4.43704858	-15.3742519
-0.23	4.45547581	-15.022798
-0.225	4.47386308	-14.6721062
-0.22	4.4922094	-14.3221954
-0.215	4.5105138	-13.9730841
-0.21	4.52877529	-13.6247913
-0.205	4.54699288	-13.2773358
-0.2	4.56516557	-12.9307367
-0.195	4.58329234	-12.5850132
-0.19	4.60137221	-12.2401844
-0.185	4.61940414	-11.8962698
-0.18	4.63738712	-11.5532888
-0.175	4.65532013	-11.211261
-0.17	4.67320213	-10.870206
-0.165	4.69103208	-10.5301436
-0.16	4.70880895	-10.1910938
-0.155	4.72653168	-9.85307638
-0.15	4.74419923	-9.51611154
-0.145	4.76181053	-9.18021943
-0.14	4.77936453	-8.84542031
-0.135	4.79686015	-8.51173457
-0.13	4.81429632	-8.17918267
-0.125	4.83167196	-7.84778518
-0.12	4.84898599	-7.51756275
-0.115	4.86623732	-7.18853615
-0.11	4.88342487	-6.86072623
-0.105	4.90054752	-6.53415391
-0.1	4.91760418	-6.20884023
-0.095	4.93459374	-5.8848063
-0.09	4.95151509	-5.56207334
-0.085	4.96836711	-5.24066263
-0.08	4.98514868	-4.92059554
-0.075	5.00185868	-4.60189354
-0.07	5.01849598	-4.28457816
-0.065	5.03505944	-3.96867102
-0.06	5.05154793	-3.65419383
-0.055	5.0679603	-3.34116835
-0.05	5.08429541	-3.02961644
-0.045	5.10055211	-2.71956002
-0.04	5.11672925	-2.41102107
-0.035	5.13282566	-2.10402168
-0.03	5.1488402	-1.79858395
-0.025	5.16477169	-1.49473009
-0.02	5.18061897	-1.19248237
-0.015	5.19638087	-0.891863086
-0.01	5.21205621	-0.592894631
-0.005	5.22764382	-0.295599439
0	5.24314252	2.22044605e-14
0.005	5.25855113	0.293881144
0.01	5.27386846	0.586021399
0.015	5.28909332	0.876398126
0.02	5.30422453	1.16498864
0.025	5.3192609	1.45177021
0.03	5.33420123	1.73672006
0.035	5.34904432	2.0198154
0.04	5.36378898	2.30103337
0.045	5.37843401	2.58035111
0.05	5.3929782	2.85774571
0.055	5.40742036	3.13319424
0.06	5.42175928	3.40667374
0.065	5.43599376	3.67816124
0.07	5.45012258	3.94763374
0.075	5.46414455	4.21506823
0.08	5.47805846	4.48044168
0.085	5.4918631	4.74373107
0.09	5.50555726	5.00491335
0.095	5.51913973	5.26396548
0.1	5.53260931	5.5208644
0.105	5.54596478	5.7755871
0.11	5.55920495	6.02811051
0.115	5.57232859	6.27841163
0.12	5.58533451	6.52646743
0.125	5.5982215	6.77225491
0.13	5.61098835	7.01575111
0.135	5.62363386	7.25693305
0.14	5.63615683	7.49577781
0.145	5.64855606	7.73226248
0.15	5.66083035	7.9663642
0.155	5.6729785	8.19806014
0.16	5.68499931	8.4273275
0.165	5.6968916	8.65414353
0.17	5.70865417	8.87848553
0.175	5.72028584	9.10033085
0.18	5.73178541	9.31965689
0.185	5.74315172	9.53644111
0.19	5.75438358	9.75066104
0.195	5.76547981	9.96229427
0.2	5.77643924	10.1713185
0.205	5.78726072	10.3777113
0.21	5.79794306	10.5814507
0.215	5.80848512	10.7825145
0.22	5.81888574	10.9808806
0.225	5.82914377	11.1765271
0.23	5.83925806	11.3694323
0.235	5.84922747	11.5595742
0.24	5.85905087	11.7469314
0.245	5.86872714	11.9314822
0.25	5.87825514	12.1132053
0.255	5.88763375	12.2920792
0.26	5.89686187	12.4680829
0.265	5.9059384	12.6411951
0.27	5.91486222	12.8113951
0.275	5.92363226	12.9786619
0.28	5.93224742	13.1429748
0.285	5.94070663	13.3043134
0.29	5.94900882	13.4626571
0.295	5.95715292	13.6179858
0.3	5.96513788	13.7702792
0.305	5.97296266	13.9195175
0.31	5.98062621	14.0656808
0.315	5.98812751	14.2087495
0.32	5.99546553	14.3487041
0.325	6.00263926	14.4855254
0.33	6.0096477	14.6191941
0.335	6.01648986	14.7496913
0.34	6.02316475	14.8769983
0.345	6.02967139	15.0010965
0.35	6.03600883	15.1219675
0.355	6.04217611	15.2395931
0.36	6.04817228	15.3539553
0.365	6.05399642	15.4650363
0.37	6.05964759	15.5728186
0.375	6.0651249	15.6772847
0.38	6.07042744	15.7784176
0.385	6.07555433	15.8762003
0.39	6.08050468	15.970616
0.395	6.08527764	16.0616484
0.4	6.08987235	16.1492812
0.405	6.09428797	16.2334983
0.41	6.09852368	16.314284
0.415	6.10257867	16.3916228
0.42	6.10645212	16.4654994
0.425	6.11014326	16.5358989
0.43	6.11365132	16.6028063
0.435	6.11697552	16.6662074
0.44	6.12011514	16.7260877
0.445	6.12306942	16.7824334
0.45	6.12583766	16.8352307
0.455	6.12841915	16.8844663
0.46	6.13081321	16.930127
0.465	6.13301915	16.9721999
0.47	6.13503633	17.0106726
0.475	6.13686409	17.0455327
0.48	6.13850181	17.0767682
0.485	6.13994889	17.1043675
0.49	6.14120471	17.1283193
0.495	6.1422687	17.1486123
0.5	6.14314031	17.165236
0.505	6.14381897	17.1781798
0.51	6.14430416	17.1874337
0.515	6.14459537	17.1929877
0.52	6.1446921	17.1948325
0.525	6.14459386	17.1929589
0.53	6.1443002	17.1873581
0.535	6.14381067	17.1780215
0.54	6.14312484	17.164941
0.545	6.14224231	17.1481089
0.55	6.14116268	17.1275176
0.555	6.13988557	17.10316
0.56	6.13841064	17.0750293
0.565	6.13673755	17.0431192
0.57	6.13486598	17.0074235
0.575	6.13279562	16.9679366
0.58	6.1305262	16.9246531
0.585	6.12805746	16.877568
0.59	6.12538916	16.8266766
0.595	6.12252106	16.7719748
0.6	6.11945298	16.7134587
0.605	6.11618472	16.6511248
0.61	6.11271613	16.5849698
0.615	6.10904705	16.5149912
0.62	6.10517736	16.4411865
0.625	6.10110696	16.3635537
0.63	6.09683577	16.2820912
0.635	6.09236371	16.1967978
0.64	6.08769076	16.1076728
0.645	6.08281688	16.0147155
0.65	6.07774207	15.9179262
0.655	6.07246636	15.8173049
0.66	6.06698978	15.7128527
0.665	6.06131239	15.6045705
0.67	6.05543427	15.4924599
0.675	6.04935554	15.376523
0.68	6.0430763	15.256762
0.685	6.0365967	15.1331797
0.69	6.02991692	15.0057793
0.695	6.02303713	14.8745644
0.7	6.01595755	14.7395389
0.705	6.00867841	14.6007073
0.71	6.00119996	14.4580744
0.715	5.99352248	14.3116453
0.72	5.98564625	14.1614257
0.725	5.9775716	14.0074217
0.73	5.96929887	13.8496397
0.735	5.96082841	13.6880866
0.74	5.9521606	13.5227696
0.745	5.94329586	13.3536966
0.75	5.93423461	13.1808755
0.755	5.92497729	13.004315
0.76	5.91552437	12.824024
0.765	5.90587635	12.6400118
0.77	5.89603375	12.4522884
0.775	5.88599708	12.2608638
0.78	5.87576692	12.0657486
0.785	5.86534383	11.8669541
0.79	5.85472843	11.6644915
0.795	5.84392133	11.4583728
0.8	5.83292318	11.2486102
0.805	5.82173465	11.0352165
0.81	5.81035642	10.8182048
0.815	5.79878919	10.5975886
0.82	5.78703371	10.3733819
0.825	5.77509073	10.1455989
0.83	5.76296102	9.91425462
0.835	5.75064537	9.67936407
0.84	5.73814461	9.44094288
0.845	5.72545957	9.19900706
0.85	5.71259111	8.953573
0.855	5.69954012	8.70465752
0.86	5.68630749	8.45227784
0.865	5.67289416	8.19645156
0.87	5.65930106	7.93719671
0.875	5.64552916	7.67453171
0.88	5.63157944	7.40847536
0.885	5.61745292	7.13904689
0.89	5.60315063	6.86626588
0.895	5.5886736	6.59015234
0.9	5.57402291	6.31072664
0.905	5.55919965	6.02800957
0.91	5.54420493	5.74202227
0.915	5.52903988	5.45278628
0.92	5.51370564	5.16032351
0.925	5.49820338	4.86465627
0.93	5.4825343	4.56580722
0.935	5.4666996	4.2637994
0.94	5.45070051	3.95865621
0.945	5.43453827	3.65040144
0.95	5.41821415	3.33905923
0.955	5.40172944	3.02465406
0.96	5.38508544	2.70721081
0.965	5.36828347	2.38675467
0.97	5.35132487	2.0633112
0.975	5.33421099	1.73690632
0.98	5.31694323	1.40756628
0.985	5.29952296	1.07531765
0.99	5.2819516	0.740187377
0.995	5.26423058	0.402202711
1	5.24636135	0.0613912429
