# t_us	I_over_time_mean
0	2.34760106
0.0162216234	2.35430039
0.0324432468	2.3601985
0.0486648703	2.36527976
0.0648864937	2.36952923
0.0811081171	2.37293269
0.0973297405	2.37547671
0.113551364	2.37714866
0.129772987	2.37793681
0.145994611	2.37783031
0.162216234	2.37681927
0.178437858	2.37489479
0.194659481	2.37204901
0.210881105	2.36827513
0.227102728	2.36356745
0.243324351	2.35792141
0.259545975	2.35133359
0.275767598	2.34380181
0.291989222	2.33532505
0.308210845	2.32590358
0.324432468	2.31553891
0.340654092	2.30423381
0.356875715	2.29199239
0.373097339	2.27882001
0.389318962	2.26472339
0.405540586	2.24971053
0.421762209	2.23379077
0.437983832	2.21697477
0.454205456	2.1992745
0.470427079	2.18070324
0.486648703	2.16127555
0.502870326	2.14100729
0.51909195	2.11991558
0.535313573	2.09801878
0.551535196	2.07533648
0.56775682	2.05188944
0.583978443	2.0276996
0.600200067	2.00279002
0.61642169	1.97718485
0.632643314	1.9509093
0.648864937	1.92398957
0.66508656	1.89645283
0.681308184	1.86832717
0.697529807	1.83964155
0.713751431	1.81042572
0.729973054	1.7807102
0.746194678	1.75052619
0.762416301	1.71990555
0.778637924	1.6888807
0.794859548	1.65748458
0.811081171	1.62575057
0.827302795	1.59371243
0.843524418	1.56140424
0.859746041	1.52886032
0.875967665	1.49611517
0.892189288	1.46320339
0.908410912	1.43015962
0.924632535	1.39701846
0.940854159	1.36381442
0.957075782	1.33058181
0.973297405	1.29735471
0.989519029	1.26416689
1.00574065	1.23105172
1.02196228	1.19804214
1.0381839	1.16517057
1.05440552	1.13246883
1.07062715	1.09996811
1.08684877	1.06769891
1.10307039	1.03569095
1.11929202	1.00397312
1.13551364	0.972573449
1.15173526	0.941519039
1.16795689	0.910836008
1.18417851	0.880549453
1.20040013	0.850683404
1.21662176	0.821260781
1.23284338	0.792303361
1.249065	0.763831739
1.26528663	0.735865302
1.28150825	0.708422198
1.29772987	0.681519317
1.3139515	0.655172266
1.33017312	0.629395356
1.34639474	0.604201591
1.36261637	0.579602655
1.37883799	0.555608913
1.39505961	0.532229404
1.41128124	0.50947185
1.42750286	0.487342658
1.44372448	0.465846934
1.45994611	0.444988496
1.47616773	0.424769891
1.49238936	0.405192417
1.50861098	0.386256152
1.5248326	0.367959975
1.54105423	0.350301606
1.55727585	0.333277636
1.57349747	0.316883567
1.5897191	0.301113853
1.60594072	0.285961946
1.62216234	0.271420337
1.63838397	0.257480615
1.65460559	0.244133508
1.67082721	0.231368945
1.68704884	0.219176109
1.70327046	0.20754349
1.71949208	0.196458955
1.73571371	0.185909795
1.75193533	0.1758828
1.76815695	0.16636431
1.78437858	0.157340288
1.8006002	0.148796376
1.81682182	0.140717966
1.83304345	0.13309026
1.84926507	0.125898336
1.86548669	0.119127209
1.88170832	0.112761899
1.89792994	0.106787492
1.91415156	0.101189196
1.93037319	0.0959524107
1.94659481	0.0910627781
1.96281643	0.0865062441
1.97903806	0.0822691125
1.99525968	0.0783380985
2.0114813	0.0747003798
2.02770293	0.0713436456
2.04392455	0.0682561429
2.06014617	0.0654267197
2.0763678	0.0628448661
2.09258942	0.0605007523
2.10881105	0.0583852626
2.12503267	0.0564900274
2.14125429	0.0548074514
2.15747592	0.0533307381
2.17369754	0.0520539111
2.18991916	0.0509718318
2.20614079	0.0500802138
2.22236241	0.0493756329
2.23858403	0.0488555341
2.25480566	0.0485182345
2.27102728	0.0483629229
2.2872489	0.0483896552
2.30347053	0.0485993463
2.31969215	0.0489937586
2.33591377	0.0495754868
2.3521354	0.0503479387
2.36835702	0.0513153134
2.38457864	0.0524825753
2.40080027	0.0538554253
2.41702189	0.0554402686
2.43324351	0.0572441798
2.44946514	0.0592748644
2.46568676	0.0615406182
2.48190838	0.0640502838
2.49813001	0.0668132045
2.51435163	0.069839176
2.53057325	0.073138396
2.54679488	0.0767214119
2.5630165	0.0805990664
2.57923812	0.0847824422
2.59545975	0.0892828045
2.61168137	0.094111543
2.62790299	0.0992801125
2.64412462	0.104799973
2.66034624	0.11068253
2.67656786	0.116939073
2.69278949	0.123580713
2.70901111	0.130618326
2.72523274	0.138062489
2.74145436	0.145923421
2.75767598	0.154210925
2.77389761	0.162934328
2.79011923	0.172102428
2.80634085	0.181723432
2.82256248	0.191804909
2.8387841	0.202353735
2.85500572	0.213376041
2.87122735	0.224877169
2.88744897	0.236861623
2.90367059	0.249333027
2.91989222	0.262294085
2.93611384	0.275746545
2.95233546	0.289691159
2.96855709	0.304127655
2.98477871	0.319054711
3.00100033	0.334469924
3.01722196	0.35036979
3.03344358	0.366749689
3.0496652	0.383603865
3.06588683	0.400925417
3.08210845	0.418706293
3.09833007	0.436937281
3.1145517	0.455608015
3.13077332	0.474706972
3.14699494	0.494221482
3.16321657	0.514137739
3.17943819	0.534440814
3.19565981	0.555114671
3.21188144	0.576142194
3.22810306	0.597505205
3.24432468	0.619184497
3.26054631	0.641159862
3.27676793	0.663410128
3.29298956	0.685913196
3.30921118	0.708646082
3.3254328	0.731584956
3.34165443	0.754705195
3.35787605	0.777981427
3.37409767	0.801387582
3.3903193	0.82489695
3.40654092	0.848482231
3.42276254	0.872115598
3.43898417	0.895768751
3.45520579	0.919412982
3.47142741	0.943019233
3.48764904	0.966558164
3.50387066	0.990000213
3.52009228	1.01331566
3.53631391	1.03647471
3.55253553	1.05944752
3.56875715	1.08220431
3.58497878	1.10471539
3.6012004	1.12695127
3.61742202	1.14888267
3.63364365	1.17048064
3.64986527	1.19171657
3.66608689	1.21256231
3.68230852	1.23299019
3.69853014	1.25297308
3.71475176	1.27248448
3.73097339	1.29149855
3.74719501	1.30999017
3.76341663	1.32793502
3.77963826	1.34530957
3.79585988	1.3620912
3.8120815	1.37825819
3.82830313	1.39378979
3.84452475	1.40866626
3.86074637	1.42286892
3.876968	1.43638014
3.89318962	1.44918342
3.90941125	1.4612634
3.92563287	1.47260589
3.94185449	1.48319788
3.95807612	1.49302758
3.97429774	1.50208443
3.99051936	1.51035909
4.00674099	1.5178435
4.02296261	1.52453083
4.03918423	1.53041554
4.05540586	1.53549332
4.07162748	1.53976114
4.0878491	1.54321721
4.10407073	1.54586101
4.12029235	1.54769322
4.13651397	1.54871577
4.1527356	1.54893175
4.16895722	1.54834546
4.18517884	1.54696236
4.20140047	1.54478903
4.21762209	1.54183315
4.23384371	1.53810347
4.25006534	1.5336098
4.26628696	1.52836295
4.28250858	1.52237468
4.29873021	1.5156577
4.31495183	1.50822561
4.33117345	1.50009286
4.34739508	1.49127469
4.3636167	1.48178713
4.37983832	1.47164692
4.39605995	1.46087145
4.41228157	1.44947876
4.42850319	1.43748748
4.44472482	1.42491673
4.46094644	1.41178615
4.47716807	1.39811579
4.49338969	1.38392612
4.50961131	1.36923792
4.52583294	1.35407228
4.54205456	1.33845052
4.55827618	1.32239417
4.57449781	1.30592493
4.59071943	1.28906458
4.60694105	1.271835
4.62316268	1.25425806
4.6393843	1.23635564
4.65560592	1.21814955
4.67182755	1.19966153
4.68804917	1.18091315
4.70427079	1.16192584
4.72049242	1.14272084
4.73671404	1.12331914
4.75293566	1.10374146
4.76915729	1.08400828
4.78537891	1.06413971
4.80160053	1.04415556
4.81782216	1.02407526
4.83404378	1.00391788
4.8502654	0.983702065
4.86648703	0.963446076
4.88270865	0.943167731
4.89893027	0.922884411
4.9151519	0.902613051
4.93137352	0.882370126
4.94759514	0.862171652
4.96381677	0.842033175
4.98003839	0.821969775
4.99626001	0.801996059
5.01248164	0.782126169
5.02870326	0.762373778
5.04492488	0.742752101
5.06114651	0.723273895
5.07736813	0.703951469
5.09358976	0.684796694
5.10981138	0.665821009
5.126033	0.647035434
5.14225463	0.628450583
5.15847625	0.610076673
5.17469787	0.591923543
5.1909195	0.574000661
5.20714112	0.556317147
5.22336274	0.538881781
5.23958437	0.521703025
5.25580599	0.504789033
5.27202761	0.488147672
5.28824924	0.471786536
5.30447086	0.455712961
5.32069248	0.439934042
5.33691411	0.424456651
5.35313573	0.409287448
5.36935735	0.394432899
5.38557898	0.37989929
5.4018006	0.365692737
5.41802222	0.351819206
5.43424385	0.338284518
5.45046547	0.325094365
5.46668709	0.312254318
5.48290872	0.299769837
5.49913034	0.287646281
5.51535196	0.275888911
5.53157359	0.2645029
5.54779521	0.253493338
5.56401683	0.242865232
5.58023846	0.232623512
5.59646008	0.222773029
5.6126817	0.213318558
5.62890333	0.204264795
5.64512495	0.195616355
5.66134657	0.187377766
5.6775682	0.179553466
5.69378982	0.172147797
5.71001145	0.165164993
5.72623307	0.158609178
5.74245469	0.15248435
5.75867632	0.146794374
5.77489794	0.141542965
5.79111956	0.136733682
5.80734119	0.132369909
5.82356281	0.12845484
5.83978443	0.124991466
5.85600606	0.121982557
5.87222768	0.119430648
5.8884493	0.117338017
5.90467093	0.115706668
5.92089255	0.114538319
5.93711417	0.113834375
5.9533358	0.113595915
5.96955742	0.113823671
5.98577904	0.11451801
6.00200067	0.115678916
6.01822229	0.117305971
6.03444391	0.119398338
6.05066554	0.121954743
6.06688716	0.124973457
6.08310878	0.128452283
6.09933041	0.132388535
6.11555203	0.136779029
6.13177365	0.141620067
6.14799528	0.146907422
6.1642169	0.152636331
6.18043852	0.158801479
6.19666015	0.165396993
6.21288177	0.172416435
6.22910339	0.179852793
6.24532502	0.187698476
6.26154664	0.195945313
6.27776827	0.204584548
6.29398989	0.21360684
6.31021151	0.223002267
6.32643314	0.232760324
6.34265476	0.242869935
6.35887638	0.25331945
6.37509801	0.264096662
6.39131963	0.275188811
6.40754125	0.286582598
6.42376288	0.298264198
6.4399845	0.310219277
6.45620612	0.322433004
6.47242775	0.334890077
6.48864937	0.347574735
6.50487099	0.360470788
6.52109262	0.373561633
6.53731424	0.386830286
6.55353586	0.400259404
6.56975749	0.413831314
6.58597911	0.427528042
6.60220073	0.441331348
6.61842236	0.455222748
6.63464398	0.469183559
6.6508656	0.483194923
6.66708723	0.497237846
6.68330885	0.511293236
6.69953047	0.525341935
6.7157521	0.539364757
6.73197372	0.553342528
6.74819534	0.567256122
6.76441697	0.581086499
6.78063859	0.594814743
6.79686021	0.608422103
6.81308184	0.621890029
6.82930346	0.63520021
6.84552508	0.648334615
6.86174671	0.661275524
6.87796833	0.674005574
6.89418996	0.686507787
6.91041158	0.69876561
6.9266332	0.710762947
6.94285483	0.722484197
6.95907645	0.733914282
6.97529807	0.74503868
6.9915197	0.755843455
7.00774132	0.766315287
7.02396294	0.776441497
7.04018457	0.786210075
7.05640619	0.795609701
7.07262781	0.804629771
7.08884944	0.813260415
7.10507106	0.821492516
7.12129268	0.829317728
7.13751431	0.83672849
7.15373593	0.843718038
7.16995755	0.850280417
7.18617918	0.856410492
7.2024008	0.862103947
7.21862242	0.867357301
7.23484405	0.8721679
7.25106567	0.876533922
7.26728729	0.880454377
7.28350892	0.8839291
7.29973054	0.886958746
7.31595216	0.889544782
7.33217379	0.89168948
7.34839541	0.893395899
7.36461703	0.894667877
7.38083866	0.895510012
7.39706028	0.895927647
7.4132819	0.895926848
7.42950353	0.895514387
7.44572515	0.894697713
7.46194678	0.893484937
7.4781684	0.891884799
7.49439002	0.889906645
7.51061165	0.887560399
7.52683327	0.884856533
7.54305489	0.881806037
7.55927652	0.878420391
7.57549814	0.874711527
7.59171976	0.870691803
7.60794139	0.866373967
7.62416301	0.861771125
7.64038463	0.856896706
7.65660626	0.851764426
7.67282788	0.84638826
7.6890495	0.840782401
7.70527113	0.834961233
7.72149275	0.82893929
7.73771437	0.822731227
7.753936	0.81635179
7.77015762	0.809815774
7.78637924	0.803138003
7.80260087	0.796333289
7.81882249	0.78941641
7.83504411	0.782402075
7.85126574	0.7753049
7.86748736	0.768139379
7.88370898	0.760919858
7.89993061	0.753660513
7.91615223	0.746375326
7.93237385	0.73907806
7.94859548	0.731782244
7.9648171	0.724501153
7.98103872	0.717247787
7.99726035	0.710034861
8.01348197	0.702874789
8.02970359	0.695779669
8.04592522	0.688761278
8.06214684	0.681831058
8.07836847	0.67500011
8.09459009	0.668279192
8.11081171	0.66167871
8.12703334	0.655208718
8.14325496	0.648878919
8.15947658	0.642698662
8.17569821	0.636676946
8.19191983	0.630822427
8.20814145	0.625143416
8.22436308	0.619647895
8.2405847	0.614343515
8.25680632	0.609237613
8.27302795	0.604337217
8.28924957	0.599649062
8.30547119	0.595179598
8.32169282	0.590935004
8.33791444	0.586921206
8.35413606	0.583143885
8.37035769	0.5796085
8.38657931	0.576320296
8.40280093	0.573284327
8.41902256	0.570505467
8.43524418	0.567988433
8.4514658	0.565737795
8.46768743	0.563757998
8.48390905	0.562053376
8.50013067	0.560628171
8.5163523	0.559486546
8.53257392	0.558632604
8.54879554	0.558070401
8.56501717	0.557803962
8.58123879	0.557837294
8.59746041	0.558174401
8.61368204	0.558819295
8.62990366	0.559776005
8.64612529	0.561048594
8.66234691	0.56264116
8.67856853	0.56455785
8.69479016	0.566802866
8.71101178	0.569380466
8.7272334	0.572294974
8.74345503	0.575550779
8.75967665	0.579152338
8.77589827	0.583104176
8.7921199	0.587410881
8.80834152	0.592077106
8.82456314	0.597107561
8.84078477	0.602507006
8.85700639	0.608280249
8.87322801	0.614432127
8.88944964	0.620967506
8.90567126	0.62789126
8.92189288	0.635208264
8.93811451	0.642923373
8.95433613	0.651041412
8.97055775	0.659567154
8.98677938	0.668505301
9.003001	0.677860465
9.01922262	0.687637151
9.03544425	0.697839726
9.05166587	0.708472403
9.06788749	0.719539214
9.08410912	0.731043988
9.10033074	0.742990321
9.11655236	0.755381555
9.13277399	0.768220747
9.14899561	0.781510646
9.16521723	0.795253663
9.18143886	0.809451848
9.19766048	0.824106857
9.2138821	0.839219929
9.23010373	0.85479186
9.24632535	0.870822971
9.26254698	0.88731309
9.2787686	0.904261517
9.29499022	0.921667009
9.31121185	0.939527748
9.32743347	0.957841323
9.34365509	0.976604705
9.35987672	0.995814227
9.37609834	1.01546556
9.39231996	1.03555372
9.40854159	1.056073
9.42476321	1.077017
9.44098483	1.09837859
9.45720646	1.12014993
9.47342808	1.14232242
9.4896497	1.16488669
9.50587133	1.18783263
9.52209295	1.21114938
9.53831457	1.23482528
9.5545362	1.25884793
9.57075782	1.28320416
9.58697944	1.30788004
9.60320107	1.33286087
9.61942269	1.35813124
9.63564431	1.38367496
9.65186594	1.40947515
9.66808756	1.43551421
9.68430918	1.46177386
9.70053081	1.48823514
9.71675243	1.51487843
9.73297405	1.54168351
9.74919568	1.56862955
9.7654173	1.59569514
9.78163892	1.62285833
9.79786055	1.65009667
9.81408217	1.67738722
9.83030379	1.7047066
9.84652542	1.73203103
9.86274704	1.75933637
9.87896867	1.78659812
9.89519029	1.81379154
9.91141191	1.84089161
9.92763354	1.86787312
9.94385516	1.89471072
9.96007678	1.92137892
9.97629841	1.9478522
9.99252003	1.97410499
10.0087417	2.00011177
10.0249633	2.02584709
10.0411849	2.05128564
10.0574065	2.07640227
10.0736281	2.10117205
10.0898498	2.12557033
10.1060714	2.14957277
10.122293	2.1731554
10.1385146	2.19629465
10.1547363	2.21896743
10.1709579	2.24115113
10.1871795	2.26282371
10.2034011	2.28396368
10.2196228	2.30455022
10.2358444	2.32456317
10.252066	2.34398307
10.2682876	2.36279123
10.2845093	2.38096971
10.3007309	2.39850142
10.3169525	2.41537011
10.3331741	2.43156039
10.3493957	2.44705782
10.3656174	2.46184886
10.381839	2.47592094
10.3980606	2.48926247
10.4142822	2.50186286
10.4305039	2.51371254
10.4467255	2.52480295
10.4629471	2.53512661
10.4791687	2.54467706
10.4953904	2.55344892
10.511612	2.56143787
10.5278336	2.56864065
10.5440552	2.57505509
10.5602768	2.58068006
10.5764985	2.5855155
10.5927201	2.58956241
10.6089417	2.59282283
10.6251633	2.59529983
10.641385	2.59699748
10.6576066	2.59792089
10.6738282	2.59807611
10.6900498	2.59747018
10.7062715	2.59611107
10.7224931	2.59400765
10.7387147	2.59116969
10.7549363	2.58760782
10.771158	2.58333349
10.7873796	2.57835895
10.8036012	2.57269721
10.8198228	2.566362
10.8360444	2.55936777
10.8522661	2.5517296
10.8684877	2.54346319
10.8847093	2.53458483
10.9009309	2.52511133
10.9171526	2.51506001
10.9333742	2.50444864
10.9495958	2.49329541
10.9658174	2.48161889
10.9820391	2.46943795
10.9982607	2.45677178
11.0144823	2.4436398
11.0307039	2.43006163
11.0469256	2.41605706
11.0631472	2.401646
11.0793688	2.38684842
11.0955904	2.37168435
11.111812	2.35617381
11.1280337	2.34033676
11.1442553	2.3241931
11.1604769	2.3077626
11.1766985	2.29106489
11.1929202	2.27411939
11.2091418	2.25694531
11.2253634	2.23956158
11.241585	2.22198688
11.2578067	2.20423952
11.2740283	2.18633749
11.2902499	2.16829841
11.3064715	2.15013948
11.3226931	2.13187748
11.3389148	2.11352873
11.3551364	2.09510909
11.371358	2.07663394
11.3875796	2.05811811
11.4038013	2.03957596
11.4200229	2.02102126
11.4362445	2.00246725
11.4524661	1.98392662
11.4686878	1.96541146
11.4849094	1.9469333
11.501131	1.92850305
11.5173526	1.91013107
11.5335743	1.8918271
11.5497959	1.87360028
11.5660175	1.85545916
11.5822391	1.8374117
11.5984607	1.81946525
11.6146824	1.80162659
11.630904	1.7839019
11.6471256	1.76629679
11.6633472	1.74881631
11.6795689	1.73146493
11.6957905	1.71424659
11.7120121	1.69716469
11.7282337	1.68022209
11.7444554	1.66342114
11.760677	1.64676371
11.7768986	1.63025117
11.7931202	1.61388443
11.8093419	1.59766393
11.8255635	1.58158969
11.8417851	1.56566132
11.8580067	1.549878
11.8742283	1.53423856
11.89045	1.51874145
11.9066716	1.50338478
11.9228932	1.48816631
11.9391148	1.47308353
11.9553365	1.45813363
11.9715581	1.4433135
11.9877797	1.42861982
12.0040013	1.41404902
12.020223	1.39959732
12.0364446	1.38526075
12.0526662	1.37103515
12.0688878	1.35691624
12.0851095	1.34289955
12.1013311	1.32898053
12.1175527	1.31515451
12.1337743	1.30141673
12.1499959	1.28776237
12.1662176	1.27418656
12.1824392	1.26068437
12.1986608	1.24725088
12.2148824	1.23388112
12.2311041	1.22057016
12.2473257	1.20731307
12.2635473	1.19410498
12.2797689	1.18094104
12.2959906	1.16781646
12.3122122	1.15472653
12.3284338	1.14166662
12.3446554	1.12863218
12.360877	1.11561878
12.3770987	1.1026221
12.3933203	1.08963792
12.4095419	1.07666217
12.4257635	1.06369091
12.4419852	1.05072036
12.4582068	1.03774687
12.4744284	1.02476697
12.49065	1.01177734
12.5068717	0.998774859
12.5230933	0.985756561
12.5393149	0.972719675
12.5555365	0.959661622
12.5717582	0.946580013
12.5879798	0.933472664
12.6042014	0.920337591
12.620423	0.90717302
12.6366446	0.893977388
12.6528663	0.880749349
12.6690879	0.867487773
12.6853095	0.854191755
12.7015311	0.840860614
12.7177528	0.827493895
12.7339744	0.814091375
12.750196	0.800653061
12.7664176	0.787179199
12.7826393	0.773670267
12.7988609	0.760126985
12.8150825	0.746550312
12.8313041	0.732941448
12.8475258	0.719301838
12.8637474	0.705633171
12.879969	0.691937381
12.8961906	0.678216648
12.9124122	0.664473402
12.9286339	0.650710318
12.9448555	0.63693032
12.9610771	0.62313658
12.9772987	0.60933252
12.9935204	0.595521808
13.009742	0.58170836
13.0259636	0.567896339
13.0421852	0.554090153
13.0584069	0.540294457
13.0746285	0.526514144
13.0908501	0.512754353
13.1070717	0.499020458
13.1232934	0.485318071
13.139515	0.471653038
13.1557366	0.458031432
13.1719582	0.444459554
13.1881798	0.430943929
13.2044015	0.417491296
13.2206231	0.404108611
13.2368447	0.390803034
13.2530663	0.377581928
13.269288	0.364452854
13.2855096	0.351423558
13.3017312	0.33850197
13.3179528	0.325696194
13.3341745	0.313014499
13.3503961	0.300465312
13.3666177	0.288057209
13.3828393	0.275798905
13.3990609	0.263699241
13.4152826	0.251767179
13.4315042	0.240011789
13.4477258	0.228442233
13.4639474	0.217067761
13.4801691	0.205897692
13.4963907	0.194941406
13.5126123	0.184208328
13.5288339	0.173707915
13.5450556	0.163449643
13.5612772	0.153442993
13.5774988	0.143697435
13.5937204	0.134222415
13.6099421	0.125027338
13.6261637	0.116121557
13.6423853	0.107514351
13.6586069	0.0992149155
13.6748285	0.0912323447
13.6910502	0.0835756147
13.7072718	0.0762535695
13.7234934	0.0692749045
13.739715	0.062648151
13.7559367	0.0563816609
13.7721583	0.0504835911
13.7883799	0.0449618883
13.8046015	0.0398242744
13.8208232	0.0350782315
13.8370448	0.0307309876
13.8532664	0.0267895029
13.869488	0.0232604558
13.8857097	0.0201502303
13.9019313	0.0174649032
13.9181529	0.0152102321
13.9343745	0.0133916439
13.9505961	0.012014224
13.9668178	0.0110827063
13.9830394	0.0106014637
13.999261	0.0105744991
14.0154826	0.0110054381
14.0317043	0.0118975212
14.0479259	0.013253598
14.0641475	0.0150761217
14.0803691	0.0173671443
14.0965908	0.0201283132
14.1128124	0.0233608687
14.129034	0.0270656416
14.1452556	0.0312430529
14.1614772	0.0358931139
14.1776989	0.0410154271
14.1939205	0.0466091885
14.2101421	0.0526731902
14.2263637	0.0592058251
14.2425854	0.0662050912
14.258807	0.0736685978
14.2750286	0.0815935724
14.2912502	0.089976868
14.3074719	0.0988149722
14.3236935	0.108104016
14.3399151	0.117839786
14.3561367	0.128017731
14.3723584	0.138632979
14.38858	0.149680348
14.4048016	0.161154357
14.4210232	0.173049242
14.4372448	0.18535897
14.4534665	0.198077255
14.4696881	0.21119757
14.4859097	0.224713166
14.5021313	0.238617089
14.518353	0.252902193
14.5345746	0.267561157
14.5507962	0.282586506
14.5670178	0.297970623
14.5832395	0.31370577
14.5994611	0.329784103
14.6156827	0.346197686
14.6319043	0.362938515
14.648126	0.379998527
14.6643476	0.397369621
14.6805692	0.415043672
14.6967908	0.433012545
14.7130124	0.451268113
14.7292341	0.469802268
14.7454557	0.488606939
14.7616773	0.507674099
14.7778989	0.526995782
14.7941206	0.546564093
14.8103422	0.566371217
14.8265638	0.586409432
14.8427854	0.606671114
14.8590071	0.627148747
14.8752287	0.647834928
14.8914503	0.668722376
14.9076719	0.689803931
14.9238936	0.711072563
14.9401152	0.732521368
14.9563368	0.754143577
14.9725584	0.775932546
14.98878	0.797881765
15.0050017	0.819984845
15.0212233	0.842235523
15.0374449	0.864627651
15.0536665	0.887155194
15.0698882	0.909812217
15.0861098	0.932592884
15.1023314	0.955491441
15.118553	0.978502209
15.1347747	1.00161957
15.1509963	1.02483796
15.1672179	1.04815185
15.1834395	1.07155573
15.1996611	1.09504409
15.2158828	1.11861141
15.2321044	1.14225216
15.248326	1.16596073
15.2645476	1.18973147
15.2807693	1.21355865
15.2969909	1.23743641
15.3132125	1.26135879
15.3294341	1.28531968
15.3456558	1.30931281
15.3618774	1.33333172
15.378099	1.35736974
15.3943206	1.38142
15.4105423	1.40547535
15.4267639	1.42952841
15.4429855	1.4535715
15.4592071	1.47759664
15.4754287	1.50159553
15.4916504	1.52555954
15.507872	1.54947967
15.5240936	1.57334656
15.5403152	1.59715048
15.5565369	1.62088127
15.5727585	1.64452838
15.5889801	1.66808085
15.6052017	1.69152725
15.6214234	1.71485576
15.637645	1.73805408
15.6538666	1.76110946
15.6700882	1.78400872
15.6863099	1.80673819
15.7025315	1.82928376
15.7187531	1.85163088
15.7349747	1.87376453
15.7511963	1.89566925
15.767418	1.91732914
15.7836396	1.93872788
15.7998612	1.95984873
15.8160828	1.98067456
15.8323045	2.00118783
15.8485261	2.02137067
15.8647477	2.04120482
15.8809693	2.06067172
15.897191	2.07975251
15.9134126	2.09842806
15.9296342	2.11667896
15.9458558	2.13448563
15.9620774	2.15182827
15.9782991	2.16868694
15.9945207	2.1850416
16.0107423	2.2008721
16.0269639	2.21615828
16.0431856	2.23087996
16.0594072	2.24501701
16.0756288	2.25854939
16.0918504	2.27145717
16.1080721	2.2837206
16.1242937	2.29532017
16.1405153	2.3062366
16.1567369	2.31645095
16.1729586	2.32594463
16.1891802	2.33469946
16.2054018	2.34269773
16.2216234	2.3499222
16.237845	2.35635624
16.2540667	2.36198377
16.2702883	2.36678939
16.2865099	2.3707584
16.3027315	2.37387683
16.3189532	2.37613152
16.3351748	2.37751013
16.3513964	2.37800122
16.367618	2.37759426
16.3838397	2.37627968
16.4000613	2.37404892
16.4162829	2.37089448
16.4325045	2.36680991
16.4487262	2.36178989
16.4649478	2.35583024
16.4811694	2.34892796
16.497391	2.34108123
16.5136126	2.33228948
16.5298343	2.32255338
16.5460559	2.31187486
16.5622775	2.30025714
16.5784991	2.28770473
16.5947208	2.27422347
16.6109424	2.25982047
16.627164	2.24450421
16.6433856	2.22828446
16.6596073	2.21117231
16.6758289	2.19318016
16.6920505	2.17432174
16.7082721	2.15461204
16.7244938	2.13406733
16.7407154	2.11270516
16.756937	2.09054429
16.7731586	2.06760471
16.7893802	2.04390758
16.8056019	2.01947521
16.8218235	1.99433103
16.8380451	1.96849955
16.8542667	1.94200631
16.8704884	1.91487784
16.88671	1.88714163
16.9029316	1.85882607
16.9191532	1.82996036
16.9353749	1.80057454
16.9515965	1.77069935
16.9678181	1.74036624
16.9840397	1.70960723
17.0002613	1.67845494
17.016483	1.64694246
17.0327046	1.6151033
17.0489262	1.58297135
17.0651478	1.55058076
17.0813695	1.51796592
17.0975911	1.48516138
17.1138127	1.45220176
17.1300343	1.41912168
17.146256	1.38595574
17.1624776	1.35273837
17.1786992	1.31950382
17.1949208	1.28628608
17.2111425	1.25311879
17.2273641	1.22003519
17.2435857	1.18706803
17.2598073	1.15424956
17.2760289	1.1216114
17.2922506	1.08918451
17.3084722	1.05699912
17.3246938	1.0250847
17.3409154	0.993469853
17.3571371	0.962182306
17.3733587	0.931248836
17.3895803	0.900695228
17.4058019	0.870546225
17.4220236	0.840825494
17.4382452	0.811555577
17.4544668	0.78275786
17.4706884	0.754452539
17.4869101	0.726658592
17.5031317	0.699393749
17.5193533	0.672674474
17.5355749	0.646515944
17.5517965	0.620932036
17.5680182	0.595935315
17.5842398	0.571537024
17.6004614	0.547747087
17.616683	0.524574103
17.6329047	0.502025356
17.6491263	0.480106817
17.6653479	0.45882316
17.6815695	0.438177779
17.6977912	0.418172801
17.7140128	0.398809115
17.7302344	0.380086394
17.746456	0.36200313
17.7626776	0.344556661
17.7788993	0.32774321
17.7951209	0.311557926
17.8113425	0.295994924
17.8275641	0.281047329
17.8437858	0.266707327
17.8600074	0.252966214
17.876229	0.239814446
17.8924506	0.227241696
17.9086723	0.21523691
17.9248939	0.203788363
17.9411155	0.192883725
17.9573371	0.182510111
17.9735588	0.172654155
17.9897804	0.163302065
18.006002	0.154439688
18.0222236	0.146052578
18.0384452	0.138126055
18.0546669	0.130645271
18.0708885	0.123595278
18.0871101	0.116961087
18.1033317	0.11072773
18.1195534	0.104880328
18.135775	0.0994041478
18.1519966	0.0942846614
18.1682182	0.0895076067
18.1844399	0.0850590428
18.2006615	0.0809254046
18.2168831	0.0770935561
18.2331047	0.0735508402
18.2493264	0.0702851269
18.265548	0.0672848589
18.2817696	0.0645390938
18.2979912	0.0620375445
18.3142128	0.0597706153
18.3304345	0.057729436
18.3466561	0.0559058923
18.3628777	0.0542926522
18.3790993	0.0528831906
18.395321	0.0516718087
18.4115426	0.0506536504
18.4277642	0.0498247157
18.4439858	0.0491818696
18.4602075	0.0487228478
18.4764291	0.0484462581
18.4926507	0.048351579
18.5088723	0.0484391537
18.525094	0.0487101813
18.5413156	0.0491667034
18.5575372	0.0498115879
18.5737588	0.0506485092
18.5899804	0.0516819243
18.6062021	0.0529170467
18.6224237	0.0543598156
18.6386453	0.0560168636
18.6548669	0.0578954797
18.6710886	0.060003571
18.6873102	0.0623496205
18.7035318	0.064942643
18.7197534	0.067792138
18.7359751	0.0709080409
18.7521967	0.0743006719
18.7684183	0.0779806829
18.7846399	0.0819590029
18.8008615	0.0862467818
18.8170832	0.0908553329
18.8333048	0.0957960741
18.8495264	0.101080469
18.865748	0.106719966
18.8819697	0.112725938
18.8981913	0.119109622
18.9144129	0.125882058
18.9306345	0.133054029
18.9468562	0.140635999
18.9630778	0.148638055
18.9792994	0.157069847
18.995521	0.165940533
19.0117427	0.175258719
19.0279643	0.185032406
19.0441859	0.195268938
19.0604075	0.205974948
19.0766291	0.217156308
19.0928508	0.228818087
19.1090724	0.240964499
19.125294	0.253598867
19.1415156	0.266723581
19.1577373	0.280340058
19.1739589	0.294448714
19.1901805	0.30904893
19.2064021	0.324139026
19.2226238	0.339716234
19.2388454	0.35577668
19.255067	0.372315367
19.2712886	0.389326159
19.2875103	0.406801771
19.3037319	0.424733765
19.3199535	0.443112544
19.3361751	0.461927356
19.3523967	0.481166295
19.3686184	0.50081631
19.38484	0.52086322
19.4010616	0.541291725
19.4172832	0.562085425
19.4335049	0.583226849
19.4497265	0.604697471
19.4659481	0.626477747
19.4821697	0.648547145
19.4983914	0.670884179
19.514613	0.693466449
19.5308346	0.716270686
19.5470562	0.739272789
19.5632778	0.76244788
19.5794995	0.785770349
19.5957211	0.809213906
19.6119427	0.832751639
19.6281643	0.856356066
19.644386	0.879999194
19.6606076	0.903652581
19.6768292	0.927287396
19.6930508	0.95087448
19.7092725	0.97438441
19.7254941	0.997787567
19.7417157	1.0210542
19.7579373	1.04415448
19.774159	1.06705859
19.7903806	1.08973676
19.8066022	1.11215938
19.8228238	1.13429701
19.8390454	1.15612046
19.8552671	1.17760091
19.8714887	1.19870988
19.8877103	1.21941938
19.9039319	1.23970191
19.9201536	1.25953055
19.9363752	1.27887901
19.9525968	1.29772169
19.9688184	1.31603372
19.9850401	1.33379104
20.0012617	1.35097042
20.0174833	1.36754953
20.0337049	1.38350698
20.0499266	1.39882235
20.0661482	1.41347624
20.0823698	1.42745032
20.0985914	1.44072734
20.114813	1.45329117
20.1310347	1.46512684
20.1472563	1.47622055
20.1634779	1.4865597
20.1796995	1.49613289
20.1959212	1.50492998
20.2121428	1.51294206
20.2283644	1.52016148
20.244586	1.52658182
20.2608077	1.53219797
20.2770293	1.53700603
20.2932509	1.54100341
20.3094725	1.54418872
20.3256942	1.54656186
20.3419158	1.54812391
20.3581374	1.54887719
20.374359	1.54882521
20.3905806	1.54797266
20.4068023	1.54632536
20.4230239	1.54389027
20.4392455	1.54067543
20.4554671	1.53668996
20.4716888	1.53194398
20.4879104	1.52644863
20.504132	1.520216
20.5203536	1.5132591
20.5365753	1.50559181
20.5527969	1.49722885
20.5690185	1.48818574
20.5852401	1.47847873
20.6014617	1.4681248
20.6176834	1.45714156
20.633905	1.44554725
20.6501266	1.43336065
20.6663482	1.42060109
20.6825699	1.40728833
20.6987915	1.39344259
20.7150131	1.37908441
20.7312347	1.36423471
20.7474564	1.34891464
20.763678	1.33314562
20.7798996	1.31694923
20.7961212	1.30034719
20.8123429	1.28336133
20.8285645	1.26601353
20.8447861	1.24832567
20.8610077	1.23031961
20.8772293	1.21201714
20.893451	1.19343993
20.9096726	1.17460954
20.9258942	1.15554732
20.9421158	1.13627443
20.9583375	1.11681178
20.9745591	1.09718001
20.9907807	1.07739948
21.0070023	1.0574902
21.023224	1.03747186
21.0394456	1.01736377
21.0556672	0.997184854
21.0718888	0.976953644
21.0881105	0.956688244
21.1043321	0.936406332
21.1205537	0.916125139
21.1367753	0.895861449
21.1529969	0.875631585
21.1692186	0.855451406
21.1854402	0.835336302
21.2016618	0.815301197
21.2178834	0.795360541
21.2341051	0.775528321
21.2503267	0.755818056
21.2665483	0.736242807
21.2827699	0.716815182
21.2989916	0.697547343
21.3152132	0.678451014
21.3314348	0.659537495
21.3476564	0.640817669
21.363878	0.622302015
21.3800997	0.604000624
21.3963213	0.585923208
21.4125429	0.568079119
21.4287645	0.550477362
21.4449862	0.533126608
21.4612078	0.516035215
21.4774294	0.49921124
21.493651	0.482662457
21.5098727	0.466396371
21.5260943	0.450420238
21.5423159	0.434741076
21.5585375	0.419365684
21.5747592	0.404300656
21.5909808	0.389552398
21.6072024	0.375127135
21.623424	0.361030934
21.6396456	0.347269711
21.6558673	0.333849242
21.6720889	0.320775177
21.6883105	0.308053051
21.7045321	0.295688287
21.7207538	0.283686213
21.7369754	0.272052059
21.753197	0.26079097
21.7694186	0.249908007
21.7856403	0.239408152
21.8018619	0.229296309
21.8180835	0.219577304
21.8343051	0.210255884
21.8505268	0.201336721
21.8667484	0.192824399
21.88297	0.184723418
21.8991916	0.177038184
21.9154132	0.169773005
21.9316349	0.162932078
21.9478565	0.156519488
21.9640781	0.150539188
21.9802997	0.144994995
21.9965214	0.139890575
22.012743	0.135229428
22.0289646	0.131014878
22.0451862	0.127250052
22.0614079	0.12393787
22.0776295	0.121081025
22.0938511	0.118681969
22.1100727	0.116742889
22.1262944	0.115265698
22.142516	0.11425201
22.1587376	0.113703124
22.1749592	0.113620006
22.1911808	0.114003267
22.2074025	0.11485315
22.2236241	0.116169506
22.2398457	0.117951779
22.2560673	0.120198989
22.272289	0.122909712
22.2885106	0.126082065
22.3047322	0.129713688
22.3209538	0.133801733
22.3371755	0.138342846
22.3533971	0.143333152
22.3696187	0.148768248
22.3858403	0.154643187
22.4020619	0.160952471
22.4182836	0.167690038
22.4345052	0.17484926
22.4507268	0.182422932
22.4669484	0.19040327
22.4831701	0.198781908
22.4993917	0.207549895
22.5156133	0.216697696
22.5318349	0.226215196
22.5480566	0.236091697
22.5642782	0.246315931
22.5804998	0.256876062
22.5967214	0.267759698
22.6129431	0.278953897
22.6291647	0.290445183
22.6453863	0.30221956
22.6616079	0.314262527
22.6778295	0.326559093
22.6940512	0.3390938
22.7102728	0.351850743
22.7264944	0.36481359
22.742716	0.37796561
22.7589377	0.391289695
22.7751593	0.40476839
22.7913809	0.418383917
22.8076025	0.43211821
22.8238242	0.445952945
22.8400458	0.459869568
22.8562674	0.473849332
22.872489	0.487873332
22.8887107	0.501922536
22.9049323	0.515977827
22.9211539	0.530020032
22.9373755	0.544029966
22.9535971	0.557988466
22.9698188	0.571876431
22.9860404	0.585674858
23.002262	0.599364882
23.0184836	0.612927814
23.0347053	0.62634518
23.0509269	0.639598758
23.0671485	0.652670616
23.0833701	0.66554315
23.0995918	0.67819912
23.1158134	0.690621687
23.132035	0.702794446
23.1482566	0.714701463
23.1644782	0.726327306
23.1806999	0.737657081
23.1969215	0.748676456
23.2131431	0.759371699
23.2293647	0.7697297
23.2455864	0.779738
23.261808	0.789384817
23.2780296	0.798659066
23.2942512	0.807550388
23.3104729	0.816049159
23.3266945	0.82414652
23.3429161	0.831834382
23.3591377	0.839105451
23.3753594	0.845953231
23.391581	0.852372039
23.4078026	0.858357012
23.4240242	0.863904114
23.4402458	0.869010136
23.4564675	0.873672704
23.4726891	0.877890273
23.4889107	0.881662128
23.5051323	0.884988379
23.521354	0.887869952
23.5375756	0.890308584
23.5537972	0.89230681
23.5700188	0.893867951
23.5862405	0.8949961
23.6024621	0.895696105
23.6186837	0.895973553
23.6349053	0.895834747
23.651127	0.895286687
23.6673486	0.894337047
23.6835702	0.892994149
23.6997918	0.891266938
23.7160134	0.889164956
23.7322351	0.886698314
23.7484567	0.883877658
23.7646783	0.880714147
23.7808999	0.877219414
23.7971216	0.873405537
23.8133432	0.869285008
23.8295648	0.864870697
23.8457864	0.860175822
23.8620081	0.855213912
23.8782297	0.849998772
23.8944513	0.844544455
23.9106729	0.83886522
23.9268946	0.832975505
23.9431162	0.826889889
23.9593378	0.82062306
23.9755594	0.814189784
23.991781	0.807604869
24.0080027	0.800883139
24.0242243	0.794039397
24.0404459	0.787088403
24.0566675	0.780044836
24.0728892	0.772923275
24.0891108	0.765738168
24.1053324	0.758503807
24.121554	0.751234305
24.1377757	0.743943573
24.1539973	0.736645299
24.1702189	0.72935293
24.1864405	0.722079649
24.2026621	0.714838366
24.2188838	0.707641694
24.2351054	0.700501944
24.251327	0.693431108
24.2675486	0.686440853
24.2837703	0.679542506
24.2999919	0.672747057
24.3162135	0.666065146
24.3324351	0.659507061
24.3486568	0.65308274
24.3648784	0.646801766
24.3811	0.640673373
24.3973216	0.634706445
24.4135433	0.628909521
24.4297649	0.623290804
24.4459865	0.617858162
24.4622081	0.612619141
24.4784297	0.607580975
24.4946514	0.602750592
24.510873	0.598134631
24.5270946	0.59373945
24.5433162	0.589571142
24.5595379	0.58563555
24.5757595	0.581938279
24.5919811	0.578484714
24.6082027	0.575280036
24.6244244	0.572329236
24.640646	0.569637136
24.6568676	0.567208399
24.6730892	0.565047553
24.6893109	0.563159005
24.7055325	0.561547055
24.7217541	0.560215917
24.7379757	0.559169733
24.7541973	0.558412588
24.770419	0.557948527
24.7866406	0.557781567
24.8028622	0.557915713
24.8190838	0.558354969
24.8353055	0.559103352
24.8515271	0.560164902
24.8677487	0.561543692
24.8839703	0.563243836
24.900192	0.565269499
24.9164136	0.5676249
24.9326352	0.570314319
24.9488568	0.573342101
24.9650784	0.57671266
24.9813001	0.580430472
24.9975217	0.584500086
25.0137433	0.588926111
25.0299649	0.59371322
25.0461866	0.59886614
25.0624082	0.604389649
25.0786298	0.610288564
25.0948514	0.616567735
25.1110731	0.62323203
25.1272947	0.630286327
25.1435163	0.637735494
25.1597379	0.645584379
25.1759596	0.653837792
25.1921812	0.662500483
25.2084028	0.671577129
25.2246244	0.681072306
25.240846	0.690990477
25.2570677	0.701335959
25.2732893	0.712112909
25.2895109	0.723325294
25.3057325	0.734976866
25.3219542	0.747071142
25.3381758	0.75961137
25.3543974	0.772600508
25.370619	0.786041196
25.3868407	0.799935727
25.4030623	0.814286022
25.4192839	0.829093603
25.4355055	0.844359562
25.4517272	0.860084542
25.4679488	0.8762687
25.4841704	0.892911692
25.500392	0.910012641
25.5166136	0.927570113
25.5328353	0.945582095
25.5490569	0.964045973
25.5652785	0.982958508
25.5815001	1.00231582
25.5977218	1.02211335
25.6139434	1.04234588
25.630165	1.06300747
25.6463866	1.0840915
25.6626083	1.10559059
25.6788299	1.12749664
25.6950515	1.14980079
25.7112731	1.17249345
25.7274948	1.19556424
25.7437164	1.21900203
25.759938	1.24279494
25.7761596	1.26693028
25.7923812	1.29139465
25.8086029	1.31617385
25.8248245	1.34125294
25.8410461	1.36661626
25.8572677	1.39224738
25.8734894	1.41812918
25.889711	1.44424384
25.9059326	1.47057284
25.9221542	1.497097
25.9383759	1.5237965
25.9545975	1.55065091
25.9708191	1.57763921
25.9870407	1.60473979
26.0032623	1.63193055
26.019484	1.65918886
26.0357056	1.68649164
26.0519272	1.71381537
26.0681488	1.74113614
26.0843705	1.76842968
26.1005921	1.79567142
26.1168137	1.82283651
26.1330353	1.84989987
26.149257	1.87683624
26.1654786	1.9036202
26.1817002	1.93022627
26.1979218	1.95662889
26.2141435	1.98280251
26.2303651	2.00872163
26.2465867	2.03436083
26.2628083	2.05969486
26.2790299	2.08469863
26.2952516	2.1093473
26.3114732	2.13361632
26.3276948	2.15748146
26.3439164	2.1809189
26.3601381	2.2039052
26.3763597	2.22641744
26.3925813	2.24843319
26.4088029	2.26993058
26.4250246	2.29088836
26.4412462	2.31128591
26.4574678	2.33110331
26.4736894	2.35032133
26.4899111	2.36892155
26.5061327	2.3868863
26.5223543	2.40419876
26.5385759	2.42084298
26.5547975	2.43680388
26.5710192	2.4520673
26.5872408	2.46662003
26.6034624	2.48044984
26.619684	2.49354545
26.6359057	2.50589661
26.6521273	2.5174941
26.6683489	2.52832971
26.6845705	2.53839629
26.7007922	2.54768776
26.7170138	2.55619907
26.7332354	2.56392628
26.749457	2.57086647
26.7656786	2.57701782
26.7819003	2.58237957
26.7981219	2.58695201
26.8143435	2.59073648
26.8305651	2.59373536
26.8467868	2.59595207
26.8630084	2.59739103
26.87923	2.59805766
26.8954516	2.59795834
26.9116733	2.59710041
26.9278949	2.59549217
26.9441165	2.59314277
26.9603381	2.59006229
26.9765598	2.58626162
26.9927814	2.58175248
27.009003	2.57654739
27.0252246	2.5706596
27.0414462	2.56410309
27.0576679	2.5568925
27.0738895	2.54904314
27.0901111	2.54057091
27.1063327	2.53149228
27.1225544	2.52182422
27.138776	2.51158422
27.1549976	2.5007902
27.1712192	2.48946046
27.1874409	2.47761368
27.2036625	2.46526885
27.2198841	2.45244524
27.2361057	2.43916235
27.2523274	2.42543984
27.268549	2.41129756
27.2847706	2.39675543
27.3009922	2.38183347
27.3172138	2.36655168
27.3334355	2.35093008
27.3496571	2.33498863
27.3658787	2.31874717
27.3821003	2.30222543
27.398322	2.28544297
27.4145436	2.26841916
27.4307652	2.2511731
27.4469868	2.23372366
27.4632085	2.21608938
27.4794301	2.19828848
27.4956517	2.18033884
27.5118733	2.16225791
27.528095	2.14406278
27.5443166	2.12577007
27.5605382	2.10739596
27.5767598	2.08895613
27.5929814	2.07046579
27.6092031	2.05193963
27.6254247	2.03339178
27.6416463	2.01483587
27.6578679	1.99628495
27.6740896	1.97775149
27.6903112	1.95924741
27.7065328	1.94078403
27.7227544	1.92237209
27.7389761	1.90402173
27.7551977	1.88574249
27.7714193	1.86754331
27.7876409	1.84943256
27.8038625	1.83141798
27.8200842	1.81350674
27.8363058	1.79570541
27.8525274	1.77801998
27.868749	1.76045588
27.8849707	1.74301796
27.9011923	1.72571052
27.9174139	1.70853731
27.9336355	1.69150155
27.9498572	1.67460593
27.9660788	1.65785264
27.9823004	1.64124338
27.998522	1.62477936
28.0147437	1.60846134
28.0309653	1.59228961
28.0471869	1.57626406
28.0634085	1.56038414
28.0796301	1.54464894
28.0958518	1.52905713
28.1120734	1.51360706
28.128295	1.49829672
28.1445166	1.48312378
28.1607383	1.46808562
28.1769599	1.45317932
28.1931815	1.43840173
28.2094031	1.42374942
28.2256248	1.40921875
28.2418464	1.39480587
28.258068	1.38050676
28.2742896	1.36631721
28.2905113	1.35223287
28.3067329	1.33824925
28.3229545	1.32436175
28.3391761	1.31056568
28.3553977	1.29685625
28.3716194	1.28322862
28.387841	1.2696779
28.4040626	1.25619915
28.4202842	1.24278745
28.4365059	1.22943784
28.4527275	1.21614539
28.4689491	1.20290517
28.4851707	1.18971233
28.5013924	1.17656204
28.517614	1.16344953
28.5338356	1.15037011
28.5500572	1.13731919
28.5662788	1.12429226
28.5825005	1.11128491
28.5987221	1.09829285
28.6149437	1.08531193
28.6311653	1.07233811
28.647387	1.0593675
28.6636086	1.04639636
28.6798302	1.03342112
28.6960518	1.02043833
28.7122735	1.00744476
28.7284951	0.994437324
28.7447167	0.981413129
28.7609383	0.968369465
28.77716	0.955303815
28.7933816	0.942213859
28.8096032	0.929097479
28.8258248	0.91595276
28.8420464	0.902777998
28.8582681	0.889571703
28.8744897	0.876332599
28.8907113	0.863059632
28.9069329	0.849751971
28.9231546	0.83640901
28.9393762	0.82303037
28.9555978	0.809615907
28.9718194	0.796165705
28.9880411	0.782680088
29.0042627	0.769159614
29.0204843	0.755605083
29.0367059	0.742017534
29.0529276	0.728398249
29.0691492	0.714748754
29.0853708	0.701070818
29.1015924	0.68736646
29.117814	0.673637941
29.1340357	0.659887772
29.1502573	0.646118713
29.1664789	0.63233377
29.1827005	0.618536198
29.1989222	0.6047295
29.2151438	0.590917429
29.2313654	0.577103982
29.247587	0.563293404
29.2638087	0.549490186
29.2800303	0.535699061
29.2962519	0.521925006
29.3124735	0.508173238
29.3286952	0.494449211
29.3449168	0.480758615
29.3611384	0.46710737
29.37736	0.453501629
29.3935816	0.439947767
29.4098033	0.42645238
29.4260249	0.41302228
29.4422465	0.399664491
29.4584681	0.386386243
29.4746898	0.373194966
29.4909114	0.360098281
29.507133	0.347103998
29.5233546	0.334220105
29.5395763	0.321454762
29.5557979	0.308816293
29.5720195	0.296313174
29.5882411	0.283954029
29.6044627	0.271747616
29.6206844	0.259702819
29.636906	0.247828635
29.6531276	0.236134167
29.6693492	0.224628607
29.6855709	0.213321231
29.7017925	0.202221379
29.7180141	0.191338446
29.7342357	0.180681871
29.7504574	0.170261118
29.766679	0.160085667
29.7829006	0.150164996
29.7991222	0.140508569
29.8153439	0.131125821
29.8315655	0.12202614
29.8477871	0.113218857
29.8640087	0.104713224
29.8802303	0.0965184056
29.896452	0.0886434572
29.9126736	0.0810973132
29.9288952	0.0738887697
29.9451168	0.0670264691
29.9613385	0.0605188847
29.9775601	0.0543743051
29.9937817	0.0486008188
30.0100033	0.0432062993
30.026225	0.0381983899
30.0424466	0.0335844899
30.0586682	0.0293717393
30.0748898	0.025567006
30.0911115	0.0221768717
30.1073331	0.0192076193
30.1235547	0.0166652206
30.1397763	0.0145553241
30.1559979	0.0128832441
30.1722196	0.01165395
30.1884412	0.0108720562
30.2046628	0.0105418133
30.2208844	0.0106670993
30.2371061	0.011251412
30.2533277	0.0122978626
30.2695493	0.0138091688
30.2857709	0.0157876507
30.3019926	0.0182352258
30.3182142	0.021153406
30.3344358	0.0245432952
30.3506574	0.0284055877
30.366879	0.0327405679
30.3831007	0.0375481106
30.3993223	0.0428276825
30.4155439	0.0485783446
30.4317655	0.0547987556
30.4479872	0.061487176
30.4642088	0.0686414736
30.4804304	0.0762591296
30.496652	0.0843372457
30.5128737	0.0928725523
30.5290953	0.101861417
30.5453169	0.111299855
30.5615385	0.121183538
30.5777602	0.131507807
30.5939818	0.142267687
30.6102034	0.153457892
30.626425	0.165072847
30.6426466	0.177106696
30.6588683	0.189553321
30.6750899	0.202406352
30.6913115	0.215659188
30.7075331	0.229305009
30.7237548	0.243336795
30.7399764	0.25774734
30.756198	0.27252927
30.7724196	0.287675061
30.7886413	0.303177054
30.8048629	0.319027473
30.8210845	0.335218441
30.8373061	0.351741999
30.8535278	0.36859012
30.8697494	0.385754728
30.885971	0.403227711
30.9021926	0.42100094
30.9184142	0.43906628
30.9346359	0.45741561
30.9508575	0.476040832
30.9670791	0.494933888
30.9833007	0.514086771
30.9995224	0.533491537
31.015744	0.553140316
31.0319656	0.573025324
31.0481872	0.59313887
31.0644089	0.613473365
31.0806305	0.634021331
31.0968521	0.654775404
31.1130737	0.675728344
31.1292954	0.696873032
31.145517	0.718202482
31.1617386	0.739709835
31.1779602	0.761388362
31.1941818	0.783231465
31.2104035	0.805232674
31.2266251	0.827385644
31.2428467	0.849684149
31.2590683	0.872122081
31.27529	0.894693438
31.2915116	0.91739232
31.3077332	0.940212919
31.3239548	0.963149507
31.3401765	0.986196429
31.3563981	1.00934808
31.3726197	1.03259892
31.3888413	1.05594342
31.4050629	1.07937607
31.4212846	1.10289136
31.4375062	1.12648378
31.4537278	1.15014775
31.4699494	1.17387768
31.4861711	1.19766788
31.5023927	1.22151257
31.5186143	1.24540588
31.5348359	1.26934178
31.5510576	1.29331413
31.5672792	1.31731657
31.5835008	1.3413426
31.5997224	1.36538548
31.6159441	1.38943824
31.6321657	1.41349367
31.6483873	1.43754427
31.6646089	1.46158228
31.6808305	1.48559961
31.6970522	1.50958785
31.7132738	1.53353825
31.7294954	1.55744169
31.745717	1.58128869
31.7619387	1.60506938
31.7781603	1.62877347
31.7943819	1.65239027
31.8106035	1.67590867
31.8268252	1.69931712
31.8430468	1.72260362
31.8592684	1.74575573
31.87549	1.76876056
31.8917117	1.79160476
31.9079333	1.81427452
31.9241549	1.83675558
31.9403765	1.85903324
31.9565981	1.88109231
31.9728198	1.90291721
31.9890414	1.92449189
32.005263	1.94579988
32.0214846	1.96682431
32.0377063	1.98754792
32.0539279	2.00795305
32.0701495	2.0280217
32.0863711	2.04773551
32.1025928	2.06707583
32.1188144	2.08602367
32.135036	2.10455984
32.1512576	2.12266485
32.1674792	2.14031905
32.1837009	2.15750259
32.1999225	2.17419549
32.2161441	2.19037767
32.2323657	2.20602897
32.2485874	2.22112923
32.264809	2.23565826
32.2810306	2.24959598
32.2972522	2.26292236
32.3134739	2.27561754
32.3296955	2.28766184
32.3459171	2.29903582
32.3621387	2.30972032
32.3783604	2.31969649
32.394582	2.32894589
32.4108036	2.33745048
32.4270252	2.3451927
32.4432468	2.35215551
32.4594685	2.35832247
32.4756901	2.3636777
32.4919117	2.36820605
32.5081333	2.37189305
32.524355	2.37472499
32.5405766	2.37668898
32.5567982	2.37777298
32.5730198	2.37796584
32.5892415	2.37725735
32.6054631	2.37563828
32.6216847	2.37310042
32.6379063	2.36963659
32.654128	2.36524074
32.6703496	2.35990792
32.6865712	2.35363433
32.7027928	2.34641737
32.7190144	2.33825564
32.7352361	2.32914897
32.7514577	2.31909845
32.7676793	2.30810644
32.7839009	2.2961766
32.8001226	2.28331386
32.8163442	2.26952449
32.8325658	2.25481607
32.8487874	2.23919749
32.8650091	2.22267898
32.8812307	2.20527205
32.8974523	2.18698956
32.9136739	2.16784565
32.9298956	2.14785574
32.9461172	2.12703653
32.9623388	2.10540599
32.9785604	2.08298327
32.994782	2.05978876
33.0110037	2.03584401
33.0272253	2.01117172
33.0434469	1.98579566
33.0596685	1.95974071
33.0758902	1.93303273
33.0921118	1.90569858
33.1083334	1.87776606
33.124555	1.84926382
33.1407767	1.82022137
33.1569983	1.79066898
33.1732199	1.76063763
33.1894415	1.73015896
33.2056631	1.69926521
33.2218848	1.66798916
33.2381064	1.63636404
33.254328	1.6044235
33.2705496	1.57220153
33.2867713	1.53973236
33.3029929	1.50705044
33.3192145	1.47419036
33.3354361	1.44118674
33.3516578	1.4080742
33.3678794	1.3748873
33.384101	1.34166041
33.4003226	1.30842771
33.4165443	1.27522306
33.4327659	1.24208
33.4489875	1.20903159
33.4652091	1.17611045
33.4814307	1.1433486
33.4976524	1.11077745
33.513874	1.07842774
33.5300956	1.04632944
33.5463172	1.01451174
33.5625389	0.983002962
33.5787605	0.951830513
33.5949821	0.92102085
33.6112037	0.890599413
33.6274254	0.860590593
33.643647	0.831017684
33.6598686	0.801902849
33.6760902	0.77326708
33.6923119	0.74513017
33.7085335	0.717510682
33.7247551	0.690425929
33.7409767	0.663891947
33.7571983	0.637923481
33.77342	0.61253397
33.7896416	0.587735541
33.8058632	0.563538998
33.8220848	0.539953822
33.8383065	0.516988173
33.8545281	0.494648895
33.8707497	0.472941528
33.8869713	0.451870316
33.903193	0.431438228
33.9194146	0.411646975
33.9356362	0.39249704
33.9518578	0.373987697
33.9680794	0.356117049
33.9843011	0.33888206
34.0005227	0.322278589
34.0167443	0.306301436
34.0329659	0.290944381
34.0491876	0.27620023
34.0654092	0.262060868
34.0816308	0.248517303
34.0978524	0.235559726
34.1140741	0.223177559
34.1302957	0.21135952
34.1465173	0.200093675
34.1627389	0.189367501
34.1789606	0.179167948
34.1951822	0.169481499
34.2114038	0.160294235
34.2276254	0.151591898
34.243847	0.143359958
34.2600687	0.13558367
34.2762903	0.128248148
34.2925119	0.121338421
34.3087335	0.114839501
34.3249552	0.108736443
34.3411768	0.10301441
34.3573984	0.09765873
34.37362	0.0926549575
34.3898417	0.0879889312
34.4060633	0.0836468297
34.4222849	0.079615225
34.4385065	0.0758811353
34.4547282	0.072432074
34.4709498	0.0692560971
34.4871714	0.0663418476
34.503393	0.0636785974
34.5196146	0.0612562858
34.5358363	0.0590655554
34.5520579	0.0570977848
34.5682795	0.0553451175
34.5845011	0.0538004883
34.6007228	0.0524576451
34.6169444	0.0513111685
34.633166	0.0503564866
34.6493876	0.0495898869
34.6656093	0.0490085241
34.6818309	0.0486104246
34.6980525	0.0483944869
34.7142741	0.0483604784
34.7304958	0.048509029
34.7467174	0.04884162
34.762939	0.0493605706
34.7791606	0.05006902
34.7953822	0.0509709061
34.8116039	0.0520709412
34.8278255	0.0533745842
34.8440471	0.0548880094
34.8602687	0.0566180721
34.8764904	0.0585722721
34.892712	0.060758713
34.9089336	0.0631860603
34.9251552	0.0658634956
34.9413769	0.0688006692
34.9575985	0.0720076506
34.9738201	0.0754948765
34.9900417	0.0792730975
35.0062633	0.0833533223
35.022485	0.0877467619
35.0387066	0.0924647708
35.0549282	0.097518789
35.0711498	0.102920281
35.0873715	0.108680678
35.1035931	0.114811315
35.1198147	0.121323368
35.1360363	0.128227799
35.152258	0.135535291
35.1684796	0.143256189
35.1847012	0.151400441
35.2009228	0.159977539
35.2171445	0.168996464
35.2333661	0.178465627
35.2495877	0.188392814
35.2658093	0.198785138
35.2820309	0.209648984
35.2982526	0.220989962
35.3144742	0.23281286
35.3306958	0.2451216
35.3469174	0.257919199
35.3631391	0.271207724
35.3793607	0.284988266
35.3955823	0.299260896
35.4118039	0.314024645
35.4280256	0.329277474
35.4442472	0.345016246
35.4604688	0.361236718
35.4766904	0.377933511
35.4929121	0.395100109
35.5091337	0.412728843
35.5253553	0.430810889
35.5415769	0.449336264
35.5577985	0.468293831
35.5740202	0.487671302
35.5902418	0.507455247
35.6064634	0.52763111
35.622685	0.548183222
35.6389067	0.569094824
35.6551283	0.59034809
35.6713499	0.611924151
35.6875715	0.63380313
35.7037932	0.655964173
35.7200148	0.678385485
35.7362364	0.701044372
35.752458	0.723917281
35.7686796	0.746979849
35.7849013	0.770206946
35.8011229	0.79357273
35.8173445	0.817050699
35.8335661	0.840613743
35.8497878	0.864234204
35.8660094	0.887883933
35.882231	0.91153435
35.8984526	0.935156509
35.9146743	0.958721155
35.9308959	0.982198793
35.9471175	1.00555975
35.9633391	1.02877425
35.9795608	1.05181245
35.9957824	1.07464455
36.012004	1.09724082
36.0282256	1.1195717
36.0444472	1.14160783
36.0606689	1.16332014
36.0768905	1.1846799
36.0931121	1.20565881
36.1093337	1.22622901
36.1255554	1.2463632
36.141777	1.26603467
36.1579986	1.28521735
36.1742202	1.30388587
36.1904419	1.32201563
36.2066635	1.33958284
36.2228851	1.35656456
36.2391067	1.37293878
36.2553284	1.38868443
36.27155	1.40378141
36.2877716	1.41821068
36.3039932	1.43195427
36.3202148	1.44499529
36.3364365	1.45731801
36.3526581	1.46890783
36.3688797	1.47975136
36.3851013	1.48983639
36.401323	1.49915196
36.4175446	1.5076883
36.4337662	1.51543695
36.4499878	1.52239066
36.4662095	1.52854344
36.4824311	1.5338906
36.4986527	1.53842866
36.5148743	1.54215544
36.531096	1.54506998
36.5473176	1.54717257
36.5635392	1.54846471
36.5797608	1.54894913
36.5959824	1.54862972
36.6122041	1.54751155
36.6284257	1.54560083
36.6446473	1.54290487
36.6608689	1.53943209
36.6770906	1.53519193
36.6933122	1.53019488
36.7095338	1.52445238
36.7257554	1.51797684
36.7419771	1.51078156
36.7581987	1.5028807
36.7744203	1.49428926
36.7906419	1.48502301
36.8068635	1.47509844
36.8230852	1.46453275
36.8393068	1.45334377
36.8555284	1.44154991
36.87175	1.42917016
36.8879717	1.41622398
36.9041933	1.4027313
36.9204149	1.38871244
36.9366365	1.37418809
36.9528582	1.35917923
36.9690798	1.34370712
36.9853014	1.32779324
37.001523	1.31145921
37.0177447	1.29472681
37.0339663	1.27761787
37.0501879	1.26015428
37.0664095	1.24235793
37.0826311	1.22425065
37.0988528	1.20585419
37.1150744	1.18719021
37.131296	1.16828018
37.1475176	1.1491454
37.1637393	1.12980694
37.1799609	1.11028564
37.1961825	1.09060204
37.2124041	1.07077638
37.2286258	1.05082858
37.2448474	1.03077819
37.261069	1.01064441
37.2772906	0.990446025
37.2935123	0.970201427
37.3097339	0.949928581
37.3259555	0.929645016
37.3421771	0.909367816
37.3583987	0.88911361
37.3746204	0.868898568
37.390842	0.848738394
37.4070636	0.828648322
37.4232852	0.808643117
37.4395069	0.788737076
37.4557285	0.768944028
37.4719501	0.74927734
37.4881717	0.72974992
37.5043934	0.710374227
37.520615	0.691162277
37.5368366	0.67212565
37.5530582	0.653275506
37.5692799	0.634622592
37.5855015	0.616177257
37.6017231	0.597949463
37.6179447	0.579948802
37.6341663	0.562184506
37.650388	0.544665469
37.6666096	0.527400255
37.6828312	0.510397121
37.6990528	0.493664026
37.7152745	0.477208654
37.7314961	0.461038425
37.7477177	0.445160513
37.7639393	0.429581863
37.780161	0.414309203
37.7963826	0.399349063
37.8126042	0.384707786
37.8288258	0.370391544
37.8450474	0.356406352
37.8612691	0.342758078
37.8774907	0.329452455
37.8937123	0.316495094
37.9099339	0.303891491
37.9261556	0.291647037
37.9423772	0.279767026
37.9585988	0.268256659
37.9748204	0.257121054
37.9910421	0.246365244
38.0072637	0.235994186
38.0234853	0.226012756
38.0397069	0.216425755
38.0559286	0.207237907
38.0721502	0.198453851
38.0883718	0.190078148
38.1045934	0.182115264
38.120815	0.174569575
38.1370367	0.167445352
38.1532583	0.160746757
38.1694799	0.154477831
38.1857015	0.148642483
38.2019232	0.143244482
38.2181448	0.138287439
38.2343664	0.133774798
38.250588	0.129709818
38.2668097	0.12609556
38.2830313	0.122934869
38.2992529	0.120230361
38.3154745	0.1179844
38.3316962	0.116199085
38.3479178	0.114876231
38.3641394	0.114017349
38.380361	0.113623629
38.3965826	0.11369592
38.4128043	0.114234714
38.4290259	0.115240123
38.4452475	0.116711868
38.4614691	0.118649251
38.4776908	0.121051146
38.4939124	0.123915977
38.510134	0.127241706
38.5263556	0.131025812
38.5425773	0.135265277
38.5587989	0.139956577
38.5750205	0.145095663
38.5912421	0.15067795
38.6074637	0.156698309
38.6236854	0.163151055
38.639907	0.170029939
38.6561286	0.17732814
38.6723502	0.18503826
38.6885719	0.193152324
38.7047935	0.201661768
38.7210151	0.210557448
38.7372367	0.219829635
38.7534584	0.229468018
38.76968	0.239461711
38.7859016	0.249799253
38.8021232	0.260468624
38.8183449	0.271457245
38.8345665	0.282751996
38.8507881	0.294339227
38.8670097	0.30620477
38.8832313	0.318333958
38.899453	0.330711645
38.9156746	0.343322219
38.9318962	0.356149632
38.9481178	0.369177415
38.9643395	0.382388709
38.9805611	0.395766286
38.9967827	0.409292582
39.0130043	0.422949718
39.029226	0.43671954
39.0454476	0.450583643
39.0616692	0.464523404
39.0778908	0.478520021
39.0941125	0.492554542
39.1103341	0.506607903
39.1265557	0.520660963
39.1427773	0.534694543
39.1589989	0.548689459
39.1752206	0.562626566
39.1914422	0.57648679
39.2076638	0.590251171
39.2238854	0.603900897
39.2401071	0.617417349
39.2563287	0.63078213
39.2725503	0.643977111
39.2887719	0.656984467
39.3049936	0.66978671
39.3212152	0.682366729
39.3374368	0.694707827
39.3536584	0.706793751
39.3698801	0.718608732
39.3861017	0.730137514
39.4023233	0.741365385
39.4185449	0.752278212
39.4347665	0.762862466
39.4509882	0.773105252
39.4672098	0.782994332
39.4834314	0.792518156
39.499653	0.801665878
39.5158747	0.810427381
39.5320963	0.818793296
39.5483179	0.826755017
39.5645395	0.83430472
39.5807612	0.841435374
39.5969828	0.848140755
39.6132044	0.854415451
39.629426	0.860254874
39.6456476	0.865655264
39.6618693	0.870613691
39.6780909	0.875128057
39.6943125	0.879197093
39.7105341	0.882820361
39.7267558	0.885998243
39.7429774	0.888731936
39.759199	0.891023446
39.7754206	0.892875569
39.7916423	0.894291887
39.8078639	0.895276746
39.8240855	0.895835242
39.8403071	0.895973204
39.8565288	0.895697168
39.8727504	0.895014363
39.888972	0.89393268
39.9051936	0.892460654
39.9214152	0.89060743
39.9376369	0.888382745
39.9538585	0.885796889
39.9700801	0.882860685
39.9863017	0.879585451
40.0025234	0.875982973
40.018745	0.872065471
40.0349666	0.867845567
40.0511882	0.863336251
40.0674099	0.858550846
40.0836315	0.853502979
40.0998531	0.848206541
40.1160747	0.842675658
40.1322964	0.836924651
40.148518	0.83096801
40.1647396	0.824820353
40.1809612	0.818496398
40.1971828	0.812010929
40.2134045	0.805378762
40.2296261	0.798614718
40.2458477	0.791733589
40.2620693	0.784750111
40.278291	0.777678932
40.2945126	0.770534591
40.3107342	0.763331486
40.3269558	0.756083853
40.3431775	0.748805739
40.3593991	0.741510984
40.3756207	0.734213197
40.3918423	0.726925739
40.4080639	0.719661704
40.4242856	0.712433904
40.4405072	0.705254854
40.4567288	0.698136759
40.4729504	0.691091503
40.4891721	0.684130642
40.5053937	0.677265391
40.5216153	0.670506623
40.5378369	0.663864861
40.5540586	0.657350277
40.5702802	0.650972691
40.5865018	0.644741569
40.6027234	0.638666028
40.6189451	0.632754836
40.6351667	0.62701642
40.6513883	0.621458869
40.6676099	0.616089944
40.6838315	0.610917087
40.7000532	0.605947427
40.7162748	0.601187794
40.7324964	0.596644733
40.748718	0.592324512
40.7649397	0.588233139
40.7811613	0.584376375
40.7973829	0.580759752
40.8136045	0.577388584
40.8298262	0.574267986
40.8460478	0.571402892
40.8622694	0.568798068
40.878491	0.566458131
40.8947127	0.564387567
40.9109343	0.562590745
40.9271559	0.561071935
40.9433775	0.559835325
40.9595991	0.558885036
40.9758208	0.558225138
40.9920424	0.557859665
41.008264	0.557792628
41.0244856	0.558028032
41.0407073	0.558569883
41.0569289	0.559422205
41.0731505	0.560589048
41.0893721	0.562074496
41.1055938	0.563882681
41.1218154	0.566017785
41.138037	0.568484046
41.1542586	0.571285767
41.1704803	0.574427315
41.1867019	0.577913123
41.2029235	0.581747695
41.2191451	0.585935597
41.2353667	0.590481461
41.2515884	0.595389979
41.26781	0.600665896
41.2840316	0.606314003
41.3002532	0.61233913
41.3164749	0.618746134
41.3326965	0.625539888
41.3489181	0.632725268
41.3651397	0.640307137
41.3813614	0.648290334
41.397583	0.656679648
41.4138046	0.665479809
41.4300262	0.674695461
41.4462478	0.684331147
41.4624695	0.694391283
41.4786911	0.704880135
41.4949127	0.715801799
41.5111343	0.727160174
41.527356	0.738958936
41.5435776	0.751201515
41.5597992	0.763891067
41.5760208	0.777030445
41.5922425	0.790622177
41.6084641	0.804668435
41.6246857	0.81917101
41.6409073	0.834131284
41.657129	0.849550202
41.6733506	0.865428247
41.6895722	0.881765415
41.7057938	0.898561183
41.7220154	0.915814494
41.7382371	0.933523722
41.7544587	0.951686657
41.7706803	0.970300479
41.7869019	0.989361735
41.8031236	1.00886632
41.8193452	1.02880947
41.8355668	1.04918571
41.8517884	1.0699889
41.8680101	1.09121213
41.8842317	1.11284781
41.9004533	1.13488758
41.9166749	1.15732234
41.9328966	1.18014223
41.9491182	1.20333663
41.9653398	1.22689416
41.9815614	1.25080265
41.997783	1.2750492
42.0140047	1.29962012
42.0302263	1.32450098
42.0464479	1.3496766
42.0626695	1.37513104
42.0788912	1.40084766
42.0951128	1.4268091
42.1113344	1.45299729
42.127556	1.4793935
42.1437777	1.50597834
42.1599993	1.53273178
42.1762209	1.55963319
42.1924425	1.58666134
42.2086641	1.61379447
42.2248858	1.64101028
42.2411074	1.668286
42.257329	1.6955984
42.2735506	1.72292381
42.2897723	1.75023822
42.3059939	1.77751724
42.3222155	1.8047362
42.3384371	1.83187018
42.3546588	1.85889402
42.3708804	1.88578242
42.387102	1.91250992
42.4033236	1.93905101
42.4195453	1.96538013
42.4357669	1.99147175
42.4519885	2.01730038
42.4682101	2.04284066
42.4844317	2.06806738
42.5006534	2.09295553
42.516875	2.11748036
42.5330966	2.14161743
42.5493182	2.16534263
42.5655399	2.18863227
42.5817615	2.21146307
42.5979831	2.23381228
42.6142047	2.25565765
42.6304264	2.2769775
42.646648	2.29775079
42.6628696	2.31795714
42.6790912	2.33757684
42.6953129	2.35659094
42.7115345	2.37498125
42.7277561	2.3927304
42.7439777	2.40982185
42.7601993	2.42623992
42.776421	2.44196985
42.7926426	2.4569978
42.8088642	2.47131087
42.8250858	2.48489714
42.8413075	2.49774569
42.8575291	2.50984661
42.8737507	2.52119099
42.8899723	2.531771
42.906194	2.54157984
42.9224156	2.55061176
42.9386372	2.5588621
42.9548588	2.56632723
42.9710805	2.57300463
42.9873021	2.57889281
43.0035237	2.58399137
43.0197453	2.58830095
43.0359669	2.59182325
43.0521886	2.59456098
43.0684102	2.5965179
43.0846318	2.59769876
43.1008534	2.59810931
43.1170751	2.59775626
43.1332967	2.59664727
43.1495183	2.59479091
43.1657399	2.59219665
43.1819616	2.58887486
43.1981832	2.58483669
43.2144048	2.58009414
43.2306264	2.57465998
43.246848	2.56854769
43.2630697	2.56177149
43.2792913	2.55434625
43.2955129	2.54628747
43.3117345	2.53761125
43.3279562	2.52833423
43.3441778	2.51847356
43.3603994	2.50804688
43.376621	2.49707222
43.3928427	2.48556805
43.4090643	2.47355313
43.4252859	2.46104656
43.4415075	2.44806768
43.4577292	2.43463604
43.4739508	2.4207714
43.4901724	2.40649362
43.506394	2.39182266
43.5226156	2.37677853
43.5388373	2.36138125
43.5550589	2.34565082
43.5712805	2.32960716
43.5875021	2.31327009
43.6037238	2.29665928
43.6199454	2.27979424
43.636167	2.26269423
43.6523886	2.24537829
43.6686103	2.22786519
43.6848319	2.21017337
43.7010535	2.19232092
43.7172751	2.1743256
43.7334968	2.15620473
43.7497184	2.13797525
43.76594	2.11965363
43.7821616	2.10125589
43.7983832	2.08279756
43.8146049	2.06429368
43.8308265	2.04575874
43.8470481	2.02720672
43.8632697	2.00865105
43.8794914	1.99010459
43.895713	1.97157963
43.9119346	1.95308789
43.9281562	1.93464049
43.9443779	1.91624798
43.9605995	1.89792029
43.9768211	1.87966677
43.9930427	1.86149618
44.0092643	1.84341665
44.025486	1.82543575
44.0417076	1.80756044
44.0579292	1.78979711
44.0741508	1.77215155
44.0903725	1.754629
44.1065941	1.73723412
44.1228157	1.71997104
44.1390373	1.70284331
44.155259	1.68585399
44.1714806	1.66900559
44.1877022	1.65230015
44.2039238	1.63573919
44.2201455	1.61932377
44.2363671	1.6030545
44.2525887	1.58693154
44.2688103	1.57095461
44.2850319	1.55512305
44.3012536	1.53943581
44.3174752	1.52389145
44.3336968	1.5084882
44.3499184	1.49322393
44.3661401	1.47809622
44.3823617	1.46310235
44.3985833	1.44823932
44.4148049	1.43350388
44.4310266	1.41889253
44.4472482	1.40440156
44.4634698	1.39002707
44.4796914	1.37576495
44.4959131	1.36161096
44.5121347	1.3475607
44.5283563	1.33360963
44.5445779	1.31975314
44.5607995	1.30598648
44.5770212	1.29230486
44.5932428	1.27870341
44.6094644	1.26517723
44.625686	1.25172138
44.6419077	1.23833093
44.6581293	1.22500091
44.6743509	1.21172642
44.6905725	1.19850254
44.7067942	1.18532441
44.7230158	1.17218724
44.7392374	1.15908628
44.755459	1.14601687
44.7716807	1.13297444
44.7879023	1.11995451
44.8041239	1.10695273
44.8203455	1.09396484
44.8365671	1.08098673
44.8527888	1.0680144
44.8690104	1.05504403
44.885232	1.04207191
44.9014536	1.02909452
44.9176753	1.0161085
44.9338969	1.00311064
44.9501185	0.990097926
44.9663401	0.977067532
44.9825618	0.96401681
44.9987834	0.950943306
45.015005	0.937844767
45.0312266	0.924719143
45.0474482	0.911564589
45.0636699	0.898379471
45.0798915	0.88516237
45.0961131	0.871912085
45.1123347	0.858627635
45.1285564	0.845308263
45.144778	0.83195344
45.1609996	0.818562864
45.1772212	0.805136466
45.1934429	0.791674412
45.2096645	0.778177102
45.2258861	0.764645175
45.2421077	0.751079511
45.2583294	0.737481229
45.274551	0.723851692
45.2907726	0.710192507
45.3069942	0.696505528
45.3232158	0.682792852
45.3394375	0.669056826
45.3556591	0.655300041
45.3718807	0.641525341
45.3881023	0.627735814
45.404324	0.613934799
45.4205456	0.600125881
45.4367672	0.586312895
45.4529888	0.57249992
45.4692105	0.558691285
45.4854321	0.54489156
45.5016537	0.53110556
45.5178753	0.517338343
45.534097	0.503595204
45.5503186	0.489881677
45.5665402	0.476203528
45.5827618	0.462566757
45.5989834	0.44897759
45.6152051	0.435442475
45.6314267	0.421968083
45.6476483	0.408561296
45.6638699	0.395229208
45.6800916	0.381979115
45.6963132	0.368818512
45.7125348	0.355755084
45.7287564	0.342796702
45.7449781	0.329951411
45.7611997	0.317227426
45.7774213	0.304633125
45.7936429	0.292177032
45.8098645	0.279867819
45.8260862	0.267714285
45.8423078	0.255725353
45.8585294	0.243910058
45.874751	0.232277534
45.8909727	0.220837002
45.9071943	0.209597759
45.9234159	0.198569167
45.9396375	0.187760637
45.9558592	0.177181616
45.9720808	0.166841577
45.9883024	0.15675
46.004524	0.14691636
46.0207457	0.137350113
46.0369673	0.12806068
46.0531889	0.119057432
46.0694105	0.110349675
46.0856321	0.101946634
46.1018538	0.0938574378
46.1180754	0.0860911047
46.134297	0.0786565241
46.1505186	0.0715624426
46.1667403	0.0648174481
46.1829619	0.058429954
46.1991835	0.0524081837
46.2154051	0.0467601559
46.2316268	0.0414936689
46.2478484	0.0366162864
46.26407	0.0321353226
46.2802916	0.0280578286
46.2965133	0.0243905781
46.3127349	0.0211400548
46.3289565	0.0183124392
46.3451781	0.0159135966
46.3613997	0.0139490652
46.3776214	0.0124240457
46.393843	0.0113433901
46.4100646	0.0107115926
46.4262862	0.0105327803
46.4425079	0.0108107056
46.4587295	0.0115487379
46.4749511	0.0127498579
46.4911727	0.0144166514
46.5073944	0.0165513046
46.523616	0.0191556001
46.5398376	0.0222309142
46.5560592	0.0257782143
46.5722809	0.029798058
46.5885025	0.0342905931
46.6047241	0.0392555582
46.6209457	0.0446922845
46.6371673	0.0505996984
46.653389	0.0569763253
46.6696106	0.0638202942
46.6858322	0.0711293434
46.7020538	0.0789008266
46.7182755	0.087131721
46.7344971	0.0958186348
46.7507187	0.104957817
46.7669403	0.114545167
46.783162	0.124576246
46.7993836	0.135046288
46.8156052	0.145950211
46.8318268	0.157282633
46.8480484	0.169037883
46.8642701	0.181210017
46.8804917	0.193792829
46.8967133	0.206779873
46.9129349	0.220164472
46.9291566	0.233939738
46.9453782	0.248098586
46.9615998	0.262633754
46.9778214	0.277537814
46.9940431	0.292803196
47.0102647	0.3084222
47.0264863	0.324387015
47.0427079	0.340689734
47.0589296	0.357322375
47.0751512	0.374276891
47.0913728	0.391545193
47.1075944	0.409119162
47.123816	0.426990664
47.1400377	0.445151569
47.1562593	0.463593761
47.1724809	0.482309155
47.1887025	0.501289707
47.2049242	0.52052743
47.2211458	0.540014404
47.2373674	0.559742786
47.253589	0.579704823
47.2698107	0.599892857
47.2860323	0.620299334
47.3022539	0.640916815
47.3184755	0.661737975
47.3346972	0.682755615
47.3509188	0.703962661
47.3671404	0.725352168
47.383362	0.74691732
47.3995836	0.768651432
47.4158053	0.79054795
47.4320269	0.812600445
47.4482485	0.834802612
47.4644701	0.857148266
47.4806918	0.879631335
47.4969134	0.902245851
47.513135	0.924985947
47.5293566	0.947845841
47.5455783	0.970819833
47.5617999	0.993902285
47.5780215	1.01708762
47.5942431	1.04037029
47.6104647	1.06374478
47.6266864	1.08720559
47.642908	1.1107472
47.6591296	1.13436409
47.6753512	1.15805068
47.6915729	1.18180133
47.7077945	1.20561034
47.7240161	1.2294719
47.7402377	1.25338008
47.7564594	1.27732882
47.772681	1.30131192
47.7889026	1.32532296
47.8051242	1.34935536
47.8213459	1.37340232
47.8375675	1.39745678
47.8537891	1.42151145
47.8700107	1.44555873
47.8862323	1.46959076
47.902454	1.49359935
47.9186756	1.51757596
47.9348972	1.54151174
47.9511188	1.56539744
47.9673405	1.58922346
47.9835621	1.61297977
47.9997837	1.63665598
48.0160053	1.66024124
48.032227	1.68372429
48.0484486	1.70709344
48.0646702	1.73033655
48.0808918	1.75344102
48.0971135	1.77639381
48.1133351	1.79918142
48.1295567	1.82178989
48.1457783	1.84420481
48.1619999	1.86641131
48.1782216	1.88839408
48.1944432	1.91013738
48.2106648	1.93162501
48.2268864	1.95284037
48.2431081	1.97376647
48.2593297	1.9943859
48.2755513	2.01468089
48.2917729	2.03463331
48.3079946	2.05422472
48.3242162	2.07343633
48.3404378	2.09224909
48.3566594	2.11064371
48.3728811	2.12860065
48.3891027	2.14610017
48.4053243	2.16312239
48.4215459	2.17964729
48.4377675	2.19565475
48.4539892	2.21112462
48.4702108	2.2260367
48.4864324	2.24037086
48.502654	2.25410702
48.5188757	2.2672252
48.5350973	2.27970559
48.5513189	2.2915286
48.5675405	2.30267487
48.5837622	2.31312533
48.5999838	2.32286128
48.6162054	2.33186438
48.632427	2.34011678
48.6486486	2.34760106
